武器类别	战斗站立	普通站立1	普通站立2	战斗行走	普通行走	战斗跑步	普通跑步	受伤	死亡	攻击1	攻击2	魔法	打坐	跳跃
enemy003	48,8,200	48,8,200	112,8,85	112,8,85	112,8,85	112,8,85	112,8,85	56,8,128	104,8,80	112,8,100	112,8,100	112,8,100
enemy004	120,8,100	120,8,100	160,8,75	112,8,85	112,8,85	112,8,85	112,8,85	48,8,133	104,8,69	152,8,73	152,8,73	152,8,73
enemy005	152,8,63	152,8,63	152,8,63	240,8,30	240,8,30	240,8,30	240,8,30	80,8,50	144,8,50	120,8,60	120,8,60	120,8,60
enemy006	96,8,100	96,8,100	104,8,107	120,8,80	120,8,80	120,8,80	120,8,80	64,8,81	120,8,73	112,8,100	112,8,100	112,8,100
enemy007	104,8,107	104,8,107	104,8,107	112,8,85	112,8,85	112,8,85	112,8,85	64,8,81	104,8,107	96,8,116	96,8,116	96,8,116
enemy015	72,8,133	72,8,133	120,8,120	224,8,35	224,8,35	224,8,35	224,8,35	40,8,140	352,8,30	128,8,70	128,8,70	128,8,70
enemy016	72,8,133	72,8,133	120,8,120	224,8,35	224,8,35	224,8,35	224,8,35	40,8,140	352,8,30	112,8,80	112,8,80	112,8,80
enemy017	96,8,100	96,8,100	104,8,100	112,8,96	112,8,96	112,8,96	112,8,96	48,8,100	104,8,75	112,8,75	112,8,75	112,8,75
enemy021	64,8,175	64,8,175	96,8,120	112,8,88	112,8,88	112,8,88	112,8,88	48,8,85	120,8,120	128,8,75	128,8,75	128,8,75
enemy022	112,8,120	112,8,120	144,8,120	112,8,80	112,8,80	112,8,80	112,8,80	48,8,100	120,8,80	160,8,60	160,8,60	160,8,60
enemy023	80,8,160	80,8,160	184,8,120	112,8,112	112,8,112	112,8,112	112,8,112	48,8,100	152,8,100	168,8,96	168,8,96	168,8,96
enemy024	80,8,120	80,8,120	128,8,128	112,8,88	112,8,88	112,8,88	112,8,88	48,8,100	136,8,96	112,8,100	112,8,100	112,8,100
enemy026	96,8,108	96,8,108	112,8,112	112,8,88	112,8,88	112,8,88	112,8,88	48,8,100	120,8,100	120,8,100	120,8,100	120,8,100
enemy028	80,8,120	80,8,120	96,8,120	120,8,88	120,8,88	120,8,88	120,8,88	48,8,100	120,8,104	160,8,88	160,8,88	160,8,88
enemy029	120,8,112	120,8,112	120,8,120	120,8,88	120,8,88	120,8,88	120,8,88	48,8,100	96,8,96	96,8,92	96,8,92	96,8,92
enemy031	96,8,120	96,8,120	112,8,120	112,8,85	112,8,85	112,8,85	112,8,85	48,8,100	120,8,100	112,8,78	112,8,78	112,8,78
enemy034	80,8,120	80,8,120	184,8,100	112,8,80	112,8,80	112,8,80	112,8,80	48,8,96	112,8,100	96,8,92	96,8,92	96,8,92
enemy036	80,8,120	80,8,120	144,8,120	112,8,75	112,8,75	112,8,75	112,8,75	48,8,100	120,8,100	128,8,78	128,8,78	128,8,78
enemy037	120,8,128	120,8,128	120,8,128
enemy038	64,8,162	64,8,162	64,8,162
enemy039	72,8,150	72,8,150	120,8,80
enemy040	112,8,120	112,8,120	136,8,120
enemy041	64,8,175	64,8,175	112,8,110
enemy042	96,8,110	96,8,110	88,8,100
enemy043	72,8,160	72,8,160	136,8,108
enemy044	64,8,125	64,8,125	96,8,120	64,8,125	64,8,125	64,8,125	64,8,125	64,8,125	64,8,125	144,8,2	144,8,2
enemy045	64,8,125	64,8,125	152,8,120
enemy046	112,8,112	112,8,112	112,8,112
enemy047	112,8,120	112,8,120	112,8,120
enemy048	96,8,115	96,8,115	104,8,115
enemy049	96,8,128	96,8,128	112,8,112
enemy050	120,8,120	120,8,120	160,8,100
enemy051	80,8,136	80,8,136	96,8,120
enemy052	112,8,120	112,8,120	112,8,136
enemy053	96,8,120	96,8,120	96,8,136
enemy054	96,8,125	96,8,125	96,8,128
enemy055	64,8,200	64,8,200	96,8,120
enemy056	112,8,133	112,8,133	112,8,136	112,8,133	112,8,133	112,8,133	112,8,133	112,8,133	112,8,133	120,8,96	120,8,96
enemy057	112,8,112	112,8,112	112,8,112
enemy058	64,8,162	64,8,162	96,8,100
enemy059	112,8,112	112,8,112	112,8,112
enemy060	112,8,112	112,8,112	112,8,112
enemy061	96,8,128	96,8,128	96,8,136
enemy062	64,8,175	64,8,175	80,8,120
enemy063	64,8,150	64,8,150	80,8,160
enemy064	64,8,150	64,8,150	96,8,112
enemy065	80,8,120	80,8,120	184,8,108
enemy066	96,8,100	96,8,100	96,8,100
enemy067	120,8,120	120,8,120	120,8,120
enemy068	64,8,154	64,8,154	168,8,130
enemy069	56,8,150	56,8,150	144,8,100
enemy070	96,8,112	96,8,112	112,8,112
enemy071	80,8,160	80,8,160	160,8,125
enemy072	80,8,150	80,8,150	112,8,128
enemy073	80,8,150	80,8,150	184,8,100
enemy074	64,8,120	64,8,120	64,8,150
enemy075	80,8,150	80,8,150	80,8,136
enemy076	120,8,135	120,8,135	160,8,100
enemy077	96,8,112	96,8,112	112,8,120
enemy078	64,8,160	64,8,160	104,8,104
enemy079	96,8,128	96,8,128	112,8,128
enemy080	64,8,175	64,8,175	160,8,112
enemy081	80,8,150	80,8,150	80,8,150
enemy082	112,8,100	112,8,100	112,8,100
enemy083	96,8,136	96,8,136	112,8,136
enemy084	96,8,120	96,8,120	96,8,150
enemy085	112,8,128	112,8,128	112,8,120
enemy086	80,8,150	80,8,150	112,8,128
enemy087	80,8,150	80,8,150	96,8,128
enemy088	96,8,120	96,8,120	112,8,100	96,8,120	96,8,120	96,8,120	96,8,120	96,8,120	96,8,120	112,8,78	112,8,78
enemy089	80,8,150	80,8,150	112,8,128
enemy090	64,8,100	64,8,100	64,8,120
enemy091	96,8,128	96,8,128	104,8,120
enemy092	104,8,120	104,8,120	104,8,120
enemy093	96,8,130	96,8,130	104,8,136
enemy094	120,8,100	120,8,100	120,8,100
enemy095	72,8,136	72,8,136	96,8,128
enemy096	112,8,112	112,8,112	104,8,116
enemy097	56,8,200	56,8,200	64,8,150
enemy098	48,8,250	48,8,250	80,8,150
enemy099	64,8,120	64,8,120	80,8,120
enemy100	48,8,200	48,8,200	88,8,136
enemy101	48,8,250	48,8,250	96,8,128
enemy102	64,8,120	64,8,120	96,8,120
enemy103	80,8,150	80,8,150	80,8,150
enemy104	80,8,150	80,8,150	112,8,112
enemy105	80,8,150	80,8,150	120,8,120	80,8,150	80,8,150	80,8,150	80,8,150	80,8,150	80,8,150	160,8,92	160,8,92
enemy106	64,8,184	64,8,184	96,8,128
enemy107	96,8,136	96,8,136	96,8,136
enemy108	80,8,144	80,8,144	136,8,100
enemy109	96,8,120	96,8,120	96,8,120
enemy110	80,8,150	80,8,150	80,8,200
enemy111	88,8,136	88,8,136	88,8,138
enemy112	112,8,130	112,8,130	112,8,120
enemy115	48,8,233	48,8,233	96,8,120
enemy121	48,8,250	48,8,250	120,8,136	120,8,70	120,8,70	120,8,70	120,8,70	64,8,84	128,8,94	152,8,35	152,8,35	152,8,35
enemy122	104,8,136	104,8,136	112,8,128	136,8,64	136,8,64	136,8,64	136,8,64	48,8,100	104,8,104	112,8,84	112,8,84	112,8,84
enemy123	96,8,125	96,8,125	104,8,118	120,8,75	120,8,75	120,8,75	120,8,75	48,8,104	120,8,100	112,8,80	112,8,80	112,8,80
enemy124	48,8,250	48,8,250	96,8,125	240,8,30	240,8,30	240,8,30	240,8,30	64,8,84	144,8,100	128,8,80	128,8,80	128,8,80
enemy125	96,8,1	96,8,1	96,8,1	120,8,1	120,8,1	120,8,1	120,8,1	64,8,1	120,8,1	96,8,1	96,8,1	96,8,1
enemy126	96,8,150	96,8,150	72,8,150	112,8,88	112,8,88	112,8,88	112,8,88	48,8,112	144,8,100	128,8,75	128,8,75	128,8,75
enemy127	96,8,150	96,8,150	96,8,150	120,8,80	120,8,80	120,8,80	120,8,80	64,8,88	176,8,96	112,8,88	112,8,88	112,8,88
enemy128	88,8,160	88,8,160	120,8,120	112,8,88	112,8,88	112,8,88	112,8,88	48,8,110	128,8,100	112,8,100	112,8,100	112,8,100
enemy129	80,8,180	80,8,180	128,8,125	120,8,80	120,8,80	120,8,80	120,8,80	48,8,110	112,8,112	104,8,96	104,8,96	104,8,96
enemy130	48,8,250	48,8,250	80,8,150	120,8,80	120,8,80	120,8,80	120,8,80	48,8,110	120,8,112	144,8,74	144,8,74	144,8,74
enemy131	80,8,175	80,8,175	80,8,175	120,8,80	120,8,80	120,8,80	120,8,80	64,8,92	112,8,88	96,8,100	96,8,100	96,8,100
enemy132	80,8,175	80,8,175	104,8,130	120,8,80	120,8,80	120,8,80	120,8,80	48,8,120	104,8,108	160,8,80	160,8,80	160,8,80
enemy133	80,8,150	80,8,150	104,8,115	120,8,80	120,8,80	120,8,80	120,8,80	48,8,120	128,8,120	104,8,88	104,8,88	104,8,88
enemy134	80,8,128	80,8,128	112,8,128	112,8,80	112,8,80	112,8,80	112,8,80	80,8,65	112,8,120	128,8,88	128,8,88	128,8,88
enemy135	80,8,180	80,8,180	104,8,140	120,8,75	120,8,75	120,8,75	120,8,75	48,8,120	128,8,120	112,8,88	112,8,88	112,8,88
enemy136	80,8,200	80,8,200	104,8,150	160,8,70	160,8,70	160,8,70	160,8,70	48,8,128	112,8,120	112,8,65	112,8,65	112,8,65
enemy137	80,8,180	80,8,180	104,8,150	120,8,80	120,8,80	120,8,80	120,8,80	48,8,120	112,8,116	136,8,80	136,8,80	136,8,80
enemy138	96,8,75	96,8,75	112,8,75	112,8,50	112,8,50	112,8,50	112,8,50	48,8,80	96,8,85	144,8,65	144,8,65	144,8,65
enemy139	48,8,128	48,8,128	96,8,120	120,8,80	120,8,80	120,8,80	120,8,80	112,8,100	128,8,100	160,8,100	160,8,100	160,8,100
enemy140	64,8,187	64,8,187	96,8,125	120,8,80	120,8,80	120,8,80	120,8,80	48,8,120	128,8,100	120,8,84	120,8,84	120,8,84
enemy141	56,8,100	56,8,100	88,8,100	192,8,40	192,8,40	192,8,40	192,8,40	72,8,100	128,8,60	152,8,100	152,8,100	152,8,100
enemy142	96,8,145	96,8,145	112,8,125	112,8,84	112,8,84	112,8,84	112,8,84	48,8,120	120,8,100	112,8,88	112,8,88	112,8,88
enemy143	64,8,80	64,8,80	160,8,80	128,8,60	128,8,60	128,8,60	128,8,60	48,8,60	112,8,75	160,8,65	160,8,65	160,8,65
enemy144	48,8,300	48,8,300	144,8,125	120,8,88	120,8,88	120,8,88	120,8,88	48,8,120	144,8,112	144,8,84	144,8,84	144,8,84
enemy145	96,8,150	96,8,150	160,8,100	120,8,80	120,8,80	120,8,80	120,8,80	48,8,120	128,8,120	104,8,75	104,8,75	104,8,75
enemy146	80,8,180	80,8,180	80,8,180	120,8,80	120,8,80	120,8,80	120,8,80	64,8,92	120,8,120	96,8,100	96,8,100	96,8,100
enemy147	96,8,150	96,8,150	128,8,150	120,8,76	120,8,76	120,8,76	120,8,76	48,8,128	128,8,100	112,8,100	112,8,100	112,8,100
enemy148	80,8,180	80,8,180	184,8,88	112,8,88	112,8,88	112,8,88	112,8,88	48,8,120	112,8,112	96,8,100	96,8,100	96,8,100
enemy149	96,8,150	96,8,150	96,8,150	120,8,80	120,8,80	120,8,80	120,8,80	64,8,96	120,8,100	96,8,96	96,8,96	96,8,96
enemy150	96,8,150	96,8,150	96,8,150	120,8,80	120,8,80	120,8,80	120,8,80	64,8,96	112,8,100	80,8,100	80,8,100	80,8,100
enemy151	120,8,110	120,8,110	114,8,90
enemy152	152,8,80	152,8,80	168,8,80
enemy153	128,8,125	128,8,125	256,8,140
enemy154	80,8,85	80,8,85	168,8,80
enemy155	80,8,85	80,8,85	152,8,100
enemy156	80,8,85	80,8,85	168,8,60
enemy157	120,8,65	120,8,65	144,8,75	120,8,60	120,8,60	120,8,60	120,8,60	48,8,55	120,8,80	216,8,45	216,8,45	216,8,45
enemy158	112,8,128	112,8,128	112,8,128	112,8,128	112,8,128	112,8,128	112,8,128	112,8,128	112,8,128	112,8,72	112,8,72	112,8,72
enemy159	160,8,80	160,8,80	160,8,80
enemy160	120,8,80	120,8,80	248,8,80
enemy161	80,8,75	80,8,75	232,8,75
enemy162	160,8,80	160,8,80	160,8,75
enemy163	112,8,60	112,8,60	112,8,60
enemy164	152,8,80	152,8,80	176,8,80
enemy165	152,8,160	152,8,160	176,8,85
enemy166	152,8,80	152,8,80	176,8,80
enemy167	104,8,80	104,8,80	112,8,85
enemy168	152,8,60	152,8,60	160,8,80
enemy169	112,8,150	112,8,150	120,8,140
enemy170	120,8,90	120,8,90	152,8,85
enemy171	96,8,150	96,8,150	96,8,150	120,8,80	120,8,80	120,8,80	120,8,80	64,8,80	128,8,110	96,8,80	96,8,80	96,8,80
enemy172	96,8,120	96,8,120	96,8,120	112,8,80	112,8,80	112,8,80	112,8,80	64,8,88	128,8,112	96,8,92	96,8,92	96,8,92
enemy173	96,8,136	96,8,136	104,8,118	112,8,75	112,8,75	112,8,75	112,8,75	48,8,112	112,8,100	144,8,65	144,8,65	144,8,65
enemy174	64,8,150	64,8,150	80,8,120	112,8,85	112,8,85	112,8,85	112,8,85	64,8,80	104,8,100	96,8,100	96,8,100	96,8,100
enemy175	64,8,100	64,8,100	80,8,120
enemy176	80,8,100	80,8,100	136,8,94	112,8,53	112,8,53	112,8,53	112,8,53	48,8,85	136,8,70	112,8,70	112,8,70	112,8,70
enemy177	64,8,120	64,8,120	80,8,130	88,8,100	88,8,100	88,8,100	88,8,100	80,8,70	104,8,100	104,8,90	104,8,90	104,8,90
enemy178	1,1,100	1,1,100	1,1,100	1,1,100	1,1,100	1,1,100	1,1,100	7,1,120	7,1,120	1,1,100	1,1,100	1,1,100
enemy179	1,1,100	1,1,100	1,1,100	1,1,100	1,1,100	1,1,100	1,1,100	6,1,100	6,1,100	1,1,100	1,1,100	1,1,100
enemy180	1,1,100	1,1,100	1,1,100	1,1,100	1,1,100	1,1,100	1,1,100	15,1,86	15,1,86	1,1,100	1,1,100	1,1,100
enemy181	1,1,1	1,1,1	1,1,1	1,1,1	1,1,1	1,1,1	1,1,1	1,1,1	1,1,1	1,1,1	1,1,1	1,1,1
ani001	96,8,116	96,8,116	96,8,150	120,8,84	120,8,84	120,8,84	120,8,84	64,8,75	80,8,100	96,8,80	96,8,80	96,8,80
ani002	96,8,128	96,8,128	112,8,128	120,8,75	120,8,75	120,8,75	120,8,75	48,8,100	112,8,89	112,8,88	112,8,88	112,8,88
ani003	96,8,120	96,8,120	96,8,120	120,8,66	120,8,66	120,8,66	120,8,66	72,8,66	112,8,120	96,8,88	96,8,88	96,8,88
ani005	120,8,120	120,8,120	120,8,120	120,8,70	120,8,70	120,8,70	120,8,70	48,8,112	112,8,108	112,8,75	112,8,75	112,8,75
ani006	96,8,120	96,8,120	96,8,120	64,8,88	64,8,88	64,8,88	64,8,88	64,8,88	112,8,112	96,8,90	96,8,90	96,8,90
ani009	48,8,220	48,8,220	120,8,94	120,8,68	120,8,68	120,8,68	120,8,68	48,8,100	80,8,130	112,8,84	112,8,84	112,8,84
ani010	48,8,150	48,8,150	120,8,100	120,8,70	120,8,70	120,8,70	120,8,70	48,8,100	80,8,100	112,8,84	112,8,84	112,8,84
ani011	48,8,60	48,8,60	120,8,70	120,8,40	120,8,40	120,8,40	120,8,40	48,8,60	80,8,80	112,8,45	112,8,45	112,8,45
ani012	48,8,60	48,8,60	120,8,60	120,8,40	120,8,40	120,8,40	120,8,40	48,8,45	80,8,80	112,8,45	112,8,45	112,8,45
ani013	64,8,80	64,8,80	120,8,100	120,8,75	120,8,75	120,8,75	120,8,75	48,8,80	80,8,70	112,8,80	112,8,80	112,8,80
ani015	64,8,80	64,8,80	120,8,90	120,8,30	120,8,30	120,8,30	120,8,30	48,8,50	80,8,65	112,8,70	112,8,70	112,8,70
ani018	48,8,175	48,8,175	136,8,128	120,8,75	120,8,75	120,8,75	120,8,75	48,8,118	96,8,125	104,8,92	104,8,92	104,8,92
ani019	48,8,225	48,8,225	64,8,1	64,8,125	64,8,125	64,8,125	64,8,125	40,8,130	64,8,112	96,8,92	96,8,92	96,8,92
ani021	112,8,136	112,8,136	112,8,136	104,8,94	104,8,94	104,8,94	104,8,94	48,8,136	112,8,136	112,8,85	112,8,85	112,8,85
ani024	112,8,136	112,8,136	112,8,136	104,8,95	104,8,95	104,8,95	104,8,95	48,8,136	112,8,136	112,8,92	112,8,92	112,8,92
ani025	48,8,100	48,8,100	64,8,100	120,8,90	120,8,90	120,8,90	120,8,90	48,8,70	96,8,90	96,8,70	96,8,70	96,8,70
ani026	48,8,120	48,8,120	64,8,80	120,8,70	120,8,70	120,8,70	120,8,70	48,8,60	96,8,80	96,8,60	96,8,60	96,8,60
ani029	48,8,250	48,8,250	80,8,160	104,8,92	104,8,92	104,8,92	104,8,92	48,8,128	112,8,130	104,8,104	104,8,104	104,8,104
ani033	96,8,128	96,8,128	96,8,128	80,8,130	80,8,130	80,8,130	80,8,130	48,8,125	96,8,128	104,8,100	104,8,100	104,8,100
ani036	96,8,70	96,8,70	96,8,80	80,8,50	80,8,50	80,8,50	80,8,50	48,8,75	96,8,85	104,8,50	104,8,50	104,8,50
ani037	80,8,136	80,8,136	80,8,136	104,8,92	104,8,92	104,8,92	104,8,92	64,8,96	96,8,112	104,8,88	104,8,88	104,8,88
ani038	104,8,50	104,8,50	104,8,80	104,8,80	104,8,80	104,8,80	104,8,80	64,8,40	96,8,80	104,8,50	104,8,50	104,8,50
ani039	104,8,136	104,8,136	104,8,136	104,8,88	104,8,88	104,8,88	104,8,88	64,8,92	96,8,112	104,8,84	104,8,84	104,8,84
ani040	80,8,1	80,8,1	80,8,1	104,8,1	104,8,1	104,8,1	104,8,1	64,8,1	96,8,1	104,8,1	104,8,1	104,8,1
ani041	96,8,80	96,8,80	96,8,80	64,8,100	64,8,100	64,8,100	64,8,100	64,8,100	104,8,100	104,8,80	104,8,80	104,8,80
ani042	96,8,80	96,8,80	96,8,80	96,8,80	96,8,80	96,8,80	96,8,80	64,8,88	104,8,100	64,8,80	64,8,80	64,8,80
ani043	96,8,80	96,8,80	64,8,100	96,8,80	96,8,80	96,8,80	96,8,80	64,8,80	104,8,100	64,8,80	64,8,80	64,8,80
ani045	80,8,70	80,8,70	136,8,80	80,8,70	80,8,70	80,8,70	80,8,70	48,8,100	96,8,100	96,8,80	96,8,80	96,8,80
ani046	80,8,70	80,8,70	136,8,70	80,8,70	80,8,70	80,8,70	80,8,70	48,8,100	96,8,100	96,8,80	96,8,80	96,8,80
ani047	80,8,70	80,8,70	136,8,70	80,8,70	80,8,70	80,8,70	80,8,70	48,8,92	96,8,96	96,8,80	96,8,80	96,8,80
ani048	80,8,70	80,8,70	136,8,70	80,8,70	80,8,70	80,8,70	80,8,70	48,8,92	96,8,96	96,8,80	96,8,80	96,8,80
ani049	64,8,150	64,8,150	88,8,136	88,8,70	88,8,70	88,8,70	88,8,70	48,8,120	96,8,120	80,8,112	80,8,112	80,8,112
ani050	64,8,60	64,8,60	80,8,80	80,8,45	80,8,45	80,8,45	80,8,45	64,8,50	96,8,80	80,8,60	80,8,60	80,8,60
ani051	64,8,70	64,8,70	88,8,80	80,8,40	80,8,40	80,8,40	80,8,40	64,8,60	112,8,100	88,8,80	88,8,80	88,8,80
ani052	64,8,90	64,8,90	88,8,100	80,8,40	80,8,40	80,8,40	80,8,40	64,8,60	112,8,110	80,8,80	80,8,80	80,8,80
ani053	120,8,120	120,8,120	112,8,112	112,8,75	112,8,75	112,8,75	112,8,75	48,8,100	104,8,118	104,8,100	104,8,100	104,8,100
ani054	120,8,120	120,8,120	112,8,112	112,8,70	112,8,70	112,8,70	112,8,70	48,8,110	112,8,100	120,8,78	120,8,78	120,8,78
ani055	120,8,112	120,8,112	112,8,112	112,8,75	112,8,75	112,8,75	112,8,75	48,8,110	88,8,128	168,8,68	168,8,68	168,8,68
ani056	120,8,90	120,8,90	112,8,80	120,8,80	120,8,80	120,8,80	120,8,80	48,8,100	88,8,65	168,8,75	168,8,75	168,8,75
ani058	64,8,1	64,8,1	64,8,1	112,8,1	112,8,1	112,8,1	112,8,1	64,8,1	96,8,1	96,8,1	96,8,1	96,8,1
ani059	80,8,140	80,8,140	80,8,140	120,8,92	120,8,92	120,8,92	120,8,92	48,8,110	112,8,100	80,8,105	80,8,105	80,8,105
ani060	96,8,150	96,8,150	96,8,150	96,8,100	96,8,100	96,8,100	96,8,100	64,8,75	104,8,100	96,8,75	96,8,75	96,8,75
ani061	112,8,128	112,8,128	112,8,128	96,8,92	96,8,92	96,8,92	96,8,92	48,8,120	112,8,112	104,8,96	104,8,96	104,8,96
ani063	120,8,90	120,8,90	128,8,70	64,8,80	64,8,80	64,8,80	64,8,80	56,8,80	120,8,80	120,8,80	120,8,80	120,8,80
ani065	48,8,180	48,8,180	64,8,128	56,8,150	56,8,150	56,8,150	56,8,150	48,8,120	64,8,150	64,8,128	64,8,128	64,8,128
ani066	80,8,150	80,8,150	80,8,150	64,8,128	64,8,128	64,8,128	64,8,128	32,8,150	80,8,150	80,8,100	80,8,100	80,8,100
ani067	48,8,150	48,8,150	64,8,112	48,8,100	48,8,100	48,8,100	48,8,100	48,8,108	88,8,109	88,8,81	88,8,81	88,8,81
passerby001	152,8,100	152,8,100	128,8,100
passerby002	152,8,100	152,8,100	128,8,100
passerby004_1	16,1,100	16,1,100	16,1,100
passerby004_2	16,1,100	16,1,100	16,1,100
passerby004_3	16,1,100	16,1,100	16,1,100
passerby006_1	16,1,100	16,1,100	16,1,100
passerby006_2	16,1,100	16,1,100	16,1,100
passerby006_3	16,1,100	16,1,100	16,1,100
passerby007	56,8,100	56,8,100	56,8,100
passerby008	152,8,100	152,8,100	152,8,100
passerby010	152,8,100	152,8,100	136,8,100
passerby011_1	40,1,100	40,1,100	40,1,100
passerby011_2	40,1,100	40,1,100	40,1,100
passerby011_3	40,1,100	40,1,100	40,1,100
passerby013	152,8,100	152,8,100	152,8,100
passerby014	152,8,100	152,8,100	160,8,100
passerby015	152,8,100	152,8,100	160,8,100
passerby018	152,8,68	152,8,68	160,8,80
passerby019	152,8,68	152,8,68	120,8,90
passerby020	152,8,1	152,8,1	200,8,1
passerby023	152,8,1	152,8,1	160,8,1
passerby024	152,8,1	152,8,1	160,8,1
passerby025	152,8,1	152,8,1	160,8,1
passerby027	152,8,1	152,8,1	256,8,1
passerby028	144,8,1	144,8,1	144,8,1
passerby029	152,8,1	152,8,1	168,8,1
passerby030	288,8,38	288,8,38	144,8,88
passerby031	152,8,1	152,8,1	240,8,1
passerby032	160,8,1	160,8,1	160,8,1
passerby033	144,8,1	144,8,1	160,8,1
passerby034	152,8,1	152,8,1	152,8,1
passerby036_1	21,1,1	21,1,1	21,1,1
passerby036_2	21,1,1	21,1,1	21,1,1
passerby036_3	21,1,1	21,1,1	21,1,1
passerby037_1	20,1,1	20,1,1	20,1,1
passerby037_2	20,1,1	20,1,1	20,1,1
passerby037_3	20,1,1	20,1,1	20,1,1
passerby038_1	20,1,1	20,1,1	20,1,1
passerby038_2	20,1,1	20,1,1	20,1,1
passerby038_3	20,1,1	20,1,1	20,1,1
passerby040_1	10,1,1	10,1,1	10,1,1
passerby040_2	10,1,1	10,1,1	10,1,1
passerby040_3	10,1,1	10,1,1	10,1,1
passerby041	152,8,1	152,8,1	160,8,1
passerby042	152,8,1	152,8,1	160,8,1
passerby043	152,8,1	152,8,1	152,8,1
passerby044	80,8,1	80,8,1	80,8,1
passerby045	56,8,1	56,8,1	56,8,1
passerby047	152,8,1	152,8,1	152,8,1
passerby048	152,8,1	152,8,1	160,8,1
passerby049	160,8,1	160,8,1	240,8,1
passerby050	80,8,1	80,8,1	160,8,1
passerby051	152,8,1	152,8,1	152,8,1
passerby052	72,8,1	72,8,1	240,8,1
passerby058	152,8,1	152,8,1	152,8,1
passerby059	152,8,1	152,8,1	152,8,1
passerby060	152,8,1	152,8,1	152,8,1
passerby061_1	20,1,1	20,1,1	20,1,1
passerby061_2	20,1,1	20,1,1	20,1,1
passerby061_3	20,1,1	20,1,1	20,1,1
passerby062_1	19,1,1	19,1,1	21,1,1
passerby062_2	19,1,1	19,1,1	21,1,1
passerby062_3	19,1,1	19,1,1	21,1,1
passerby063_1	19,1,1	19,1,1	10,1,1
passerby063_2	19,1,1	19,1,1	10,1,1
passerby063_3	19,1,1	19,1,1	10,1,1
passerby064_1	25,1,1	25,1,1	25,1,1
passerby064_2	25,1,1	25,1,1	25,1,1
passerby064_3	25,1,1	25,1,1	25,1,1
passerby065_1	10,1,1	10,1,1	16,1,1
passerby065_2	10,1,1	10,1,1	16,1,1
passerby065_3	10,1,1	10,1,1	16,1,1
passerby066_1	19,1,1	19,1,1	17,1,1
passerby066_2	19,1,1	19,1,1	17,1,1
passerby066_3	19,1,1	19,1,1	17,1,1
passerby067_1	19,1,1	19,1,1	19,1,1
passerby067_2	19,1,1	19,1,1	19,1,1
passerby067_3	19,1,1	19,1,1	19,1,1
passerby068_1	19,1,1	19,1,1	19,1,1
passerby068_2	19,1,1	19,1,1	19,1,1
passerby068_3	19,1,1	19,1,1	19,1,1
passerby069_1	19,1,1	19,1,1	30,1,1
passerby069_2	19,1,1	19,1,1	30,1,1
passerby069_3	19,1,1	19,1,1	30,1,1
passerby070_1	152,8,1	152,8,1	20,1,1
passerby070_2	152,8,1	152,8,1	20,1,1
passerby070_3	152,8,1	152,8,1	20,1,1
passerby071_1	10,1,1	10,1,1	23,1,1
passerby071_2	10,1,1	10,1,1	23,1,1
passerby071_3	10,1,1	10,1,1	23,1,1
passerby072_1	25,1,1	25,1,1	25,1,1
passerby072_2	25,1,1	25,1,1	25,1,1
passerby072_3	25,1,1	25,1,1	25,1,1
passerby073_1	19,1,1	19,1,1	19,1,1
passerby073_2	19,1,1	19,1,1	19,1,1
passerby073_3	19,1,1	19,1,1	19,1,1
passerby074_1	19,1,1	19,1,1	19,1,1
passerby074_2	19,1,1	19,1,1	19,1,1
passerby074_3	19,1,1	19,1,1	19,1,1
passerby075_1	19,1,1	19,1,1	20,1,1
passerby075_2	19,1,1	19,1,1	20,1,1
passerby075_3	19,1,1	19,1,1	20,1,1
passerby076_1	20,1,1	20,1,1	20,1,1
passerby076_2	20,1,1	20,1,1	20,1,1
passerby076_3	20,1,1	20,1,1	20,1,1
passerby077_1	25,1,100	25,1,100	25,1,100
passerby077_2	25,1,100	25,1,100	25,1,100
passerby077_3	25,1,100	25,1,100	25,1,100
passerby079_1	19,1,1	19,1,1	18,1,1
passerby079_2	19,1,1	19,1,1	18,1,1
passerby079_3	19,1,1	19,1,1	18,1,1
passerby080	80,8,1	80,8,1	160,8,1
passerby088	30,1,140	30,1,140	30,1,140
passerby092	80,8,80	80,8,80	128,8,90
passerby094	120,8,80	120,8,80	240,8,95
passerby095	160,8,80	160,8,80	160,8,80
passerby097	120,8,80	120,8,80	248,8,80
passerby099	152,8,60	152,8,60	152,8,60
passerby100	120,8,90	120,8,90	240,8,75
passerby101	80,8,85	80,8,85	288,8,85
passerby102	80,8,85	80,8,85	256,8,120
passerby103	120,8,115	120,8,115	192,8,130
passerby104	152,8,60	152,8,60	160,8,80
passerby105	120,8,80	120,8,80	128,8,80
passerby108	152,8,60	152,8,60	160,8,80
passerby110	160,8,60	160,8,60	160,8,60
passerby112	128,8,80	128,8,80	128,8,80
passerby117	152,8,70	152,8,70	160,8,80
passerby118	152,8,60	152,8,60	160,8,80
passerby119	120,8,80	120,8,80	184,8,80
passerby120	152,8,80	152,8,80	176,8,80
passerby121	152,8,70	152,8,70	160,8,80
passerby122	152,8,60	152,8,60	160,8,60
passerby123	152,8,70	152,8,70	160,8,80
passerby124	152,8,60	152,8,60	160,8,80
passerby125	152,8,60	152,8,60	160,8,80
passerby127	152,8,120	152,8,120	168,8,115
passerby128	160,8,115	160,8,115	160,8,130
passerby129	152,8,125	152,8,125	168,8,80
passerby130	8,8,80	8,8,80	400,8,40
passerby131	152,8,130	152,8,130	168,8,115
passerby132	152,8,120	152,8,120	168,8,140
passerby133	86,8,145	86,8,145	90,8,120
passerby134	88,8,140	88,8,140	152,8,100
passerby135	152,8,60	152,8,60	160,8,80
passerby136	152,8,60	152,8,60	152,8,80
passerby137	152,8,70	152,8,70	160,8,80
passerby138	152,8,60	152,8,60	160,8,80
passerby139	152,8,60	152,8,60	152,8,80
passerby140	152,8,80	152,8,80	152,8,85
passerby141	152,8,60	152,8,60	160,8,60
passerby142	152,8,60	152,8,60	160,8,65
passerby144	152,8,60	152,8,60	160,8,60
passerby145	152,8,60	152,8,60	160,8,80
passerby146	152,8,60	152,8,60	160,8,60
passerby147	152,8,80	152,8,80	176,8,80
passerby148	136,8,80	136,8,80	168,8,80
passerby149	144,8,110	144,8,110	168,8,130
passerby150	152,8,80	152,8,80	176,8,80
passerby151	152,8,45	152,8,45	176,8,75
passerby152	8,8,850	8,8,850	288,8,80
passerby153	8,8,850	8,8,850	296,8,80
passerby154	152,8,70	152,8,70	168,8,90
passerby157	120,8,85	120,8,85	160,8,70
passerby159	152,8,60	152,8,60	160,8,80
passerby163	160,8,55	160,8,55	248,8,50
passerby164	152,8,60	152,8,60	160,8,80
passerby165	88,8,155	88,8,155	144,8,80
passerby167	152,8,100	152,8,100	168,8,120
passerby168	152,8,60	152,8,60	160,8,60
passerby169	112,8,75	112,8,75	128,8,75
passerby170	160,8,70	160,8,70	176,8,60
passerby171	152,8,60	152,8,60	160,8,80
passerby172	152,8,80	152,8,80	152,8,80
passerby173	152,8,60	152,8,60	160,8,60
passerby174	152,8,60	152,8,60	160,8,80
passerby175	152,8,125	152,8,125	168,8,165
passerby176	152,8,80	152,8,80	168,8,80
passerby177	152,8,80	152,8,80	168,8,80
passerby178	152,8,140	152,8,140	168,8,130
passerby179	152,8,95	152,8,95	168,8,85
passerby180	80,8,70	80,8,70	208,8,90
passerby181	152,8,80	152,8,80	168,8,80
passerby182	152,8,120	152,8,120	168,8,110
passerby183	152,8,100	152,8,100	168,8,125
passerby184	88,8,160	88,8,160	120,8,115
passerby185	112,8,75	112,8,75	120,8,95
passerby186	152,8,60	152,8,60	160,8,80
passerby187	152,8,60	152,8,60	152,8,80
passerby188	152,8,60	152,8,60	160,8,80
passerby189	152,8,155	152,8,155	168,8,140
passerby190	152,8,135	152,8,135	168,8,155
passerby191	50,1,180	50,1,180	50,1,180
passerby004_4	152,8,100	152,8,100	152,8,100
passerby006_4	152,8,100	152,8,100	152,8,100
passerby007_1	200,8,100	200,8,100	200,8,100
passerby011_4	152,8,100	152,8,100	152,8,100
passerby036_4	152,8,1	152,8,1	152,8,1
passerby037_4	152,8,1	152,8,1	152,8,1
passerby040_4	80,8,1	80,8,1	80,8,1
passerby043_1	152,8,1	152,8,1	152,8,1
passerby044_1	80,8,1	80,8,1	80,8,1
passerby045_1	152,8,1	152,8,1	152,8,1
passerby059_1	152,8,1	152,8,1	152,8,1
passerby067_4	9,1,1	9,1,1	9,1,1
passerby067_5	9,1,1	9,1,1	9,1,1
passerby067_6	9,1,1	9,1,1	9,1,1
passerby068_4	18,1,1	18,1,1	18,1,1
passerby068_5	18,1,1	18,1,1	18,1,1
passerby068_6	18,1,1	18,1,1	18,1,1
passerby072_4	152,8,1	152,8,1	152,8,1
passerby074_4	18,1,1	18,1,1	18,1,1
passerby074_5	18,1,1	18,1,1	18,1,1
passerby074_6	18,1,1	18,1,1	18,1,1
passerby075_4	152,8,1	152,8,1	152,8,1
passerby076_4	152,8,1	152,8,1	152,8,1
critter001
critter002	72,8,120	72,8,120	112,8,100
critter003	40,8,100	40,8,100	120,8,120	64,8,120	64,8,120
critter004	40,8,100	40,8,100	120,8,120	64,8,120	64,8,120
critter005	56,8,100	56,8,100	56,8,100	64,8,120	64,8,120
critter006	112,8,100	112,8,100	112,8,120
critter007	80,8,100	80,8,100	112,8,120
critter008	112,8,90	112,8,90	112,8,80
critter009	112,8,90	112,8,90	112,8,80
critter010	112,8,90	112,8,90	112,8,80
critter011	112,8,90	112,8,90	112,8,90
critter012	64,8,90	64,8,90	128,8,80
critter013	64,8,90	64,8,90	128,8,90	120,8,50	120,8,50
critter014	64,8,90	64,8,90	128,8,80
critter015	64,8,90	64,8,90	128,8,90	120,8,50	120,8,50
critter016	96,8,80	96,8,80	112,8,90	64,8,50	64,8,50
critter017	48,8,50	48,8,50	48,8,50	48,8,50	48,8,50
critter018	48,8,10	48,8,10	48,8,10	48,8,10	48,8,10
critter019	48,8,10	48,8,10	48,8,10	48,8,10	48,8,10
critter020	48,8,10	48,8,10	48,8,10	48,8,10	48,8,10
critter021	40,8,20	40,8,20	40,8,20	40,8,20	40,8,20
critter022	40,8,20	40,8,20	40,8,20	40,8,20	40,8,20
critter023	40,8,20	40,8,20	40,8,20	40,8,20	40,8,20
critter024	88,8,54	88,8,54	88,8,54	88,8,54	88,8,54
critter025	96,8,50	96,8,50	96,8,50	96,8,50	96,8,50
critter026	96,8,50	96,8,50	96,8,50	96,8,50	96,8,50
critter027	88,8,56	88,8,56	88,8,56	88,8,56	88,8,56
critter028	72,8,100	72,8,100	72,8,100	72,8,100	72,8,100
critter029	72,8,100	72,8,100	72,8,100	72,8,100	72,8,100
critter030	61,1,122	61,1,122	61,1,122	61,1,122	61,1,122
