装备名称	空手站立1	空手站立2	空手站立3	短武器站立	长武器站立	双武器站立	空手走路	短武器走路	长武器走路	双武器走路	空手跑步	短武器跑步	长武器跑步	双武器跑步	空手受伤	短武器受伤	长武器受伤	双武器受伤	空手死亡	短武器死亡	长武器死亡	双武器死亡	空手攻击	短武器刺	短武器砍	长武器戳	长武器劈	双武器划	双武器砸	暗器投掷	空手魔法	短武器魔法	长武器魔法	双武器魔法	打坐	跳跃	骑马站立	骑马走动	骑马跑步	骑马攻击劈	骑马攻击刺	骑马魔法	骑马受伤	骑马死亡	骑马站立1	骑马站立2
躯体01
躯体02
躯体03
躯体04
躯体05
躯体06
躯体07
躯体08
躯体09
躯体10
躯体11
躯体12
躯体13
躯体14
躯体15
躯体16
躯体17
躯体18
躯体19
躯体20
躯体21
躯体22																																					112,8,1	96,8,1	80,8,1	96,8,1	112,8,1	96,8,1	48,8,1	112,8,1	112,8,1	112,8,1
躯体23																																					112,8,1	96,8,1	80,8,1	96,8,1	112,8,1	96,8,1	48,8,1	112,8,1	112,8,1	112,8,1
躯体24																																					112,8,1	96,8,1	80,8,1	96,8,1	112,8,1	96,8,1	48,8,1	112,8,1	112,8,1	112,8,1
躯体25																																					112,8,1	96,8,1	80,8,1	96,8,1	112,8,1	96,8,1	48,8,1	112,8,1	112,8,1	112,8,1
躯体26																																					112,8,1	96,8,1	80,8,1	96,8,1	112,8,1	96,8,1	48,8,1	112,8,1	112,8,1	112,8,1
躯体27																																					112,8,1	96,8,1	80,8,1	96,8,1	112,8,1	96,8,1	48,8,1	112,8,1	112,8,1	112,8,1
躯体28																																					112,8,1	96,8,1	80,8,1	96,8,1	112,8,1	96,8,1	48,8,1	112,8,1	112,8,1	112,8,1
躯体29																																					112,8,1	96,8,1	80,8,1	96,8,1	112,8,1	96,8,1	48,8,1	112,8,1	112,8,1	112,8,1
躯体30																																					112,8,1	96,8,1	80,8,1	96,8,1	112,8,1	96,8,1	48,8,1	112,8,1	112,8,1	112,8,1
躯体31																																					112,8,1	96,8,1	80,8,1	96,8,1	112,8,1	96,8,1	48,8,1	112,8,1	112,8,1	112,8,1
躯体32																																					112,8,1	96,8,1	80,8,1	96,8,1	112,8,1	96,8,1	48,8,1	112,8,1	112,8,1	112,8,1
躯体33																																					112,8,1	96,8,1	80,8,1	96,8,1	112,8,1	96,8,1	48,8,1	112,8,1	112,8,1	112,8,1
躯体34																																					112,8,1	96,8,1	80,8,1	96,8,1	112,8,1	96,8,1	48,8,1	112,8,1	112,8,1	112,8,1
躯体35																																					112,8,1	96,8,1	80,8,1	96,8,1	112,8,1	96,8,1	48,8,1	112,8,1	112,8,1	112,8,1
躯体36																																					112,8,1	96,8,1	80,8,1	96,8,1	112,8,1	96,8,1	48,8,1	112,8,1	112,8,1	112,8,1
躯体37																																					112,8,1	96,8,1	80,8,1	96,8,1	112,8,1	96,8,1	48,8,1	112,8,1	112,8,1	112,8,1
躯体38																																					112,8,1	96,8,1	80,8,1	96,8,1	112,8,1	96,8,1	48,8,1	112,8,1	112,8,1	112,8,1
躯体39																																					112,8,1	96,8,1	80,8,1	96,8,1	112,8,1	96,8,1	48,8,1	112,8,1	112,8,1	112,8,1
躯体40																																					112,8,1	96,8,1	80,8,1	96,8,1	112,8,1	96,8,1	48,8,1	112,8,1	112,8,1	112,8,1
躯体41																																					112,8,1	96,8,1	80,8,1	96,8,1	112,8,1	96,8,1	48,8,1	112,8,1	112,8,1	112,8,1
躯体42																																					112,8,1	96,8,1	80,8,1	96,8,1	112,8,1	96,8,1	48,8,1	112,8,1	112,8,1	112,8,1
