道具一	道具二	道具三	道具四	道具五	道具六	道具七	道具八	道具九	道具十	道具十一	道具十二	道具十三	道具十四	道具十五	道具十六	道具十七	道具十八	道具十九	道具二十
37	38	39	40	47	48	49	50												
176	177	178	179	146	147	148	149	150	156	157	158	159	446						
2	3	4	6	7	8	11	12	16	22	23	24								
27	28	29	30	47	48	49	50												
117	118	119	120	146	147	148	149	150	157	158	159	160	166	167	168	169	170	446	
2	3	4	6	7	8	11	12	16	22	23	24								
27	28	29	30	37	38	39	40	47	48	49	50	57	58	59	60	67	68	69	70
126	127	128	129	130	216	217	218	219	220	347	348	349	350	357	358	359	360	446	
2	3	4	6	7	8	11	12	16	22	23	24								
37	38	39	40	47	48	49	50												
367	368	369	370	377	378	379	380	327	328	329	330	337	338	339	340	446			
2	3	4	6	7	8	11	12	16	22	23	24								
27	28	29	30	37	38	39	40	77	78	79	80	106	107	108	109	110			
307	308	309	310	317	327	328	329	330	236	237	238	239	240	246	247	248	249	250	446
2	3	4	6	7	8	11	12	16	22	23	24								
27	28	29	30	37	38	39	40	77	78	79	80								
257	258	259	446	267	268	269	270	277	278	279	280	287	288	289	290	297	298	299	300
2	3	4	6	7	8	11	12	16	22	23	24								
31	41	51	61	71	81	111	112												
136	137	138	139	140	176	178	179	180	226	227	228	229	230	446					
2	3	4	6	7	8	11	12	16	22	23	24								
26	36	46	56	66	76														
156	157	186	187	256	257	276	277	306	307	316	317	346	356	366	376	446			
1	2	6	7	16	21	22													
26	36	46	56	66	76														
156	157	186	187	256	257	276	277	306	307	316	317	346	356	366	376	446			
1	2	6	7	16	21	22													
26	36	46	56	66	76														
156	157	186	187	256	257	276	277	306	307	316	317	346	356	366	376	446			
1	2	6	7	16	21	22													
35	45	55	65	75	85														
446																
4	5	9	10	13	14	25										
26	36	46	56	66	76											
156	157	186	187	256	257	276	277	306	307	316	317	346	356	366	376	446
1	2	6	7	16	21	22										
26	36	46	56	66	76											
156	157	186	187	256	257	276	277	306	307	316	317	346	356	366	376	446
1	2	6	7	16	21	22										
35	45	55	65	75	85											
446																
4	5	9	10	13	14	25										
386	387	388	389	390	391	392	393	394	395							
396	397	398	399	400	401	402	403	404	405							
406	407	408	409	410	411	412	413	414	415							
416	417	418	419	420	421	422	423	424	425							
426	427	428	429	430	431	432	433	434	435							
416	417	418	419	420	421	422	423	424	425										
406	407	408	409	410	411	412	413	414	415										
447																			
76	77	78	79	80	81	82	83	84	85										
186	187	188	189	190	191	192	193	194	195	446	286	290	291	292	293				
1	2	3	4	5	6	7	8	9	10	11	12	13	14	15	21	22	23	24	25
86	87	88	89	90	91	96	97	98	99	100	101	106	107	108	109	110	111	112	113
146	147	148	149	150	151	152	153	446											
2	3	4	6	7	8	11	12	16	22	23	24								
66	67	68	69	70	71	72	73	56	57	58	59	60	61	62	63				
156	157	158	159	160	161	162	163	446	256	257	258	259	260	261	262	263			
2	3	4	6	7	8	11	12	16	22	23	24								
26	27	28	29	30	31	32	33	36	37	38	39	40	41	42	43				
146	147	148	149	150	151	152	153	446											
2	3	4	6	7	8	11	12	16	22	23	24								
26	27	28	29	30	31	32	33												
126	127	128	129	130	131	132	133	446	196	197	198	199	200	201	202	203
2	3	4	6	7	8	11	12	16	22	23	24					
76	77	78	79	80	81	82	83									
186	187	188	189	190	191	192	193	196	197	198	199	200	201	202	203	446
2	3	4	6	7	8	11	12	16	22	23	24					
66	67	68	69	70	71	72	73	56	57	58	59	60	60	62	63	
116	117	118	119	120	121	122	123									
2	3	4	6	7	8	11	12	16	22	23	24					
46	47	48	49	50	51	52	53									
166	167	168	169	170	171	172	173	446								
2	3	4	6	7	8	11	12	16	22	23	24					
26	27	28	29	30	31	32	33	36	37	38	39	40	41	42	43	
126	127	128	129	130	131	132	133	446	196	197	198	199	200	201	202	203
2	3	4	6	7	8	11	12	16	22	23	24					
46	47	48	49	50	51	52	53	36	37	38	39	40	41	42	43	
146	147	148	149	150	151	152	153	446								
2	3	4	6	7	8	11	12	16	22	23	24					
448																
449																
26	36	46	56	66	76											
156	157	186	187	256	257	276	277	306	307	316	317	346	356	366	376	446
1	2	6	7	16	21	22										
26	36	46	56	66	76											
156	157	186	187	256	257	276	277	306	307	316	317	346	356	366	376	446
1	2	6	7	16	21	22										
26	36	46	56	66	76											
156	157	186	187	256	257	276	277	306	307	316	317	346	356	366	376	446
1	2	6	7	16	21	22										
