D:\服务器\swrod3\Utility\Run\spr\npcres\enemy\enemy158\enemy158_st.spr
0 1 2 3 4 5 6 7 8 9 10 11 12 13 14 15 16 17 18 19 20 21 22 23 24 25 26 27 28 29 30 31 32 33 34 35 36 37 38 39 40 41 42 43 44 45 46 47 48 49 50 51 52 53 54 55 56 57 58 59 60 61 62 63 64 65 66 67 68 69 70 71 72 73 74 75 76 77 78 79 80 81 82 83 84 85 86 87 88 89 90 91 92 93 94 95 96 97 98 99 100 101 102 103 104 105 106 107 108 109 110 *111 
D:\服务器\swrod3\Utility\Run\spr\npcres\enemy\enemy165\enemy165_pst.spr
0 1 2 3 4 5 6 7 8 9 10 11 12 13 14 15 16 17 18 19 20 21 22 23 24 25 26 27 28 29 30 31 32 33 34 35 36 37 38 39 40 41 42 43 44 45 46 47 48 49 50 51 52 53 54 55 56 57 58 59 60 61 62 63 64 65 66 67 68 69 70 71 72 73 74 75 76 77 78 79 80 81 82 83 84 85 86 87 88 89 90 91 92 93 94 95 96 97 98 99 100 101 102 103 104 105 106 107 108 109 110 111 112 113 114 115 116 117 118 119 120 121 122 123 124 125 126 127 128 129 130 131 132 133 134 135 136 137 138 139 140 141 142 143 144 145 146 147 148 149 150 151 152 153 154 155 156 157 158 159 160 161 162 163 164 165 166 167 168 169 170 171 172 173 174 *175 
D:\服务器\swrod3\Utility\Run\spr\npcres\man\MA_BD_010_RD01.spr
0 1 2 3 4 5 6 7 8 9 10 11 12 13 14 15 16 17 18 19 20 21 22 23 24 25 26 27 28 29 30 31 32 33 34 35 36 37 38 39 40 41 42 43 44 45 46 47 48 49 50 51 52 53 54 55 56 57 58 59 60 61 62 63 64 65 66 67 68 69 70 71 72 73 74 75 76 77 78 79 80 81 82 83 84 85 86 87 88 89 90 91 92 93 94 95 96 97 98 99 100 101 102 103 104 105 106 107 108 109 110 *111 
D:\服务器\swrod3\Utility\Run\spr\npcres\man\MA_BD_019_HR01.spr
0 1 2 3 4 5 6 7 8 9 10 11 12 13 14 15 16 17 18 19 20 21 22 23 24 25 26 27 28 29 30 31 32 33 34 35 36 37 38 39 40 41 42 43 44 45 46 47 48 49 50 51 52 53 54 55 56 57 58 59 60 61 62 63 64 65 66 67 68 69 70 71 72 73 74 75 76 77 78 *79 
D:\服务器\swrod3\Utility\Run\spr\npcres\man\MA_BD_019_HW01.spr
0 1 2 3 4 5 6 7 8 9 10 11 12 13 14 15 16 17 18 19 20 21 22 23 24 25 26 27 28 29 30 31 32 33 34 35 36 37 38 39 40 41 42 43 44 45 46 47 48 49 50 51 52 53 54 55 56 57 58 59 60 61 62 63 64 65 66 67 68 69 70 71 72 73 74 75 76 77 78 79 80 81 82 83 84 85 86 87 88 89 90 91 92 93 94 *95 
D:\服务器\swrod3\Utility\Run\spr\npcres\man\MA_BD_019_RD01.spr
0 1 2 3 4 5 6 7 8 9 10 11 12 13 14 15 16 17 18 19 20 21 22 23 24 25 26 27 28 29 30 31 32 33 34 35 36 37 38 39 40 41 42 43 44 45 46 47 48 49 50 51 52 53 54 55 56 57 58 59 60 61 62 63 64 65 66 67 68 69 70 71 72 73 74 75 76 77 78 79 80 81 82 83 84 85 86 87 88 89 90 91 92 93 94 95 96 97 98 99 100 101 102 103 104 105 106 107 108 109 110 *111 
D:\服务器\swrod3\Utility\Run\spr\npcres\man\MA_BD_019_RN01.spr
0 1 2 3 4 5 6 7 8 9 10 11 12 13 14 15 16 17 18 19 20 21 22 23 24 25 26 27 28 29 30 31 32 33 34 35 36 37 38 39 40 41 42 43 44 45 46 47 48 49 50 51 52 53 54 55 56 57 58 59 60 61 62 63 64 65 66 67 68 69 70 71 72 73 74 75 76 77 78 79 80 81 82 83 84 85 86 *87 
D:\服务器\swrod3\Utility\Run\spr\npcres\man\MA_BD_019_ST01.spr
0 1 2 3 4 5 6 7 8 9 10 11 12 13 14 15 16 17 18 19 20 21 22 23 24 25 26 27 28 29 30 31 32 33 34 35 36 37 38 39 40 41 42 43 44 45 46 47 48 49 50 51 52 53 54 55 56 57 58 59 60 61 62 63 64 65 66 67 68 69 70 71 72 73 74 75 76 77 78 79 80 81 82 83 84 85 86 87 88 89 90 91 92 93 94 95 96 97 98 99 100 101 102 103 104 105 106 107 108 109 110 111 112 113 114 115 116 117 118 *119 
D:\服务器\swrod3\Utility\Run\spr\npcres\man\MA_BD_019_ST02.spr
0 1 2 3 4 5 6 7 8 9 10 11 12 13 14 15 16 17 18 19 20 21 22 23 24 25 26 27 28 29 30 31 32 33 34 35 36 37 38 39 40 41 42 43 44 45 46 47 48 49 50 51 52 53 54 55 56 57 58 59 60 61 62 63 64 65 66 67 68 69 70 71 72 73 74 75 76 77 78 79 80 81 82 83 84 85 86 87 88 89 90 91 92 93 94 95 96 97 98 99 100 101 102 103 104 105 106 107 108 109 110 111 112 113 114 115 116 117 118 *119 
D:\服务器\swrod3\Utility\Run\spr\npcres\man\MA_BD_019_ST03.spr
0 1 2 3 4 5 6 7 8 9 10 11 12 13 14 15 16 17 18 19 20 21 22 23 24 25 26 27 28 29 30 31 32 33 34 35 36 37 38 39 40 41 42 43 44 45 46 47 48 49 50 51 52 53 54 55 56 57 58 59 60 61 62 63 64 65 66 67 68 69 70 71 72 73 74 75 76 77 78 79 80 81 82 83 84 85 86 *87 
D:\服务器\swrod3\Utility\Run\spr\npcres\man\MA_BD_019_ZZ01.spr
0 1 2 3 4 5 6 7 8 9 10 11 12 13 14 15 16 17 18 19 20 21 22 23 24 25 26 27 28 29 30 31 32 33 34 35 36 37 38 39 40 41 42 43 44 45 46 47 48 49 50 51 52 53 54 55 56 57 58 59 60 61 62 63 64 65 66 67 68 69 70 *71 
D:\服务器\swrod3\Utility\Run\spr\npcres\man\MA_HB_001_HR01.spr
0 1 2 3 4 5 6 7 8 9 10 11 12 13 14 15 16 17 18 19 20 21 22 23 24 25 26 27 28 29 30 31 32 33 34 35 36 37 38 39 40 41 42 43 44 45 46 47 48 49 50 51 52 53 54 55 56 57 58 59 60 61 62 63 64 65 66 67 68 69 70 71 72 73 74 75 76 77 78 *79 
D:\服务器\swrod3\Utility\Run\spr\npcres\man\MA_HB_001_HW01.spr
0 1 2 3 4 5 6 7 8 9 10 11 12 13 14 15 16 17 18 19 20 21 22 23 24 25 26 27 28 29 30 31 32 33 34 35 36 37 38 39 40 41 42 43 44 45 46 47 48 49 50 51 52 53 54 55 56 57 58 59 60 61 62 63 64 65 66 67 68 69 70 71 72 73 74 75 76 77 78 79 80 81 82 83 84 85 86 87 88 89 90 91 92 93 94 *95 
D:\服务器\swrod3\Utility\Run\spr\npcres\man\MA_HB_001_RD01.spr
0 1 2 3 4 5 6 7 8 9 10 11 12 13 14 15 16 17 18 19 20 21 22 23 24 25 26 27 28 29 30 31 32 33 34 35 36 37 38 39 40 41 42 43 44 45 46 47 48 49 50 51 52 53 54 55 56 57 58 59 60 61 62 63 64 65 66 67 68 69 70 71 72 73 74 75 76 77 78 79 80 81 82 83 84 85 86 87 88 89 90 91 92 93 94 95 96 97 98 99 100 101 102 103 104 105 106 107 108 109 110 *111 
D:\服务器\swrod3\Utility\Run\spr\npcres\man\MA_HB_004_RD01.spr
0 1 2 3 4 5 6 7 8 9 10 11 12 13 14 15 16 17 18 19 20 21 22 23 24 25 26 27 28 29 30 31 32 33 34 35 36 37 38 39 40 41 42 43 44 45 46 47 48 49 50 51 52 53 54 55 56 57 58 59 60 61 62 63 64 65 66 67 68 69 70 71 72 73 74 75 76 77 78 79 80 81 82 83 84 85 86 87 88 89 90 91 92 93 94 95 96 97 98 99 100 101 102 103 104 105 106 107 108 109 110 *111 
D:\服务器\swrod3\Utility\Run\spr\npcres\man\MA_HD_010_RD01.spr
0 1 2 3 4 5 6 7 8 9 10 11 12 13 14 15 16 17 18 19 20 21 22 23 24 25 26 27 28 29 30 31 32 33 34 35 36 37 38 39 40 41 42 43 44 45 46 47 48 49 50 51 52 53 54 55 56 57 58 59 60 61 62 63 64 65 66 67 68 69 70 71 72 73 74 75 76 77 78 79 80 81 82 83 84 85 86 87 88 89 90 91 92 93 94 95 96 97 98 99 100 101 102 103 104 105 106 107 108 109 110 *111 
D:\服务器\swrod3\Utility\Run\spr\npcres\man\MA_HD_019_HR01.spr
0 1 2 3 4 5 6 7 8 9 10 11 12 13 14 15 16 17 18 19 20 21 22 23 24 25 26 27 28 29 30 31 32 33 34 35 36 37 38 39 40 41 42 43 44 45 46 47 48 49 50 51 52 53 54 55 56 57 58 59 60 61 62 63 64 65 66 67 68 69 70 71 72 73 74 75 76 77 78 *79 
D:\服务器\swrod3\Utility\Run\spr\npcres\man\MA_HD_019_HW01.spr
0 1 2 3 4 5 6 7 8 9 10 11 12 13 14 15 16 17 18 19 20 21 22 23 24 25 26 27 28 29 30 31 32 33 34 35 36 37 38 39 40 41 42 43 44 45 46 47 48 49 50 51 52 53 54 55 56 57 58 59 60 61 62 63 64 65 66 67 68 69 70 71 72 73 74 75 76 77 78 79 80 81 82 83 84 85 86 87 88 89 90 91 92 93 94 *95 
D:\服务器\swrod3\Utility\Run\spr\npcres\man\MA_HD_019_RD01.spr
0 1 2 3 4 5 6 7 8 9 10 11 12 13 14 15 16 17 18 19 20 21 22 23 24 25 26 27 28 29 30 31 32 33 34 35 36 37 38 39 40 41 42 43 44 45 46 47 48 49 50 51 52 53 54 55 56 57 58 59 60 61 62 63 64 65 66 67 68 69 70 71 72 73 74 75 76 77 78 79 80 81 82 83 84 85 86 87 88 89 90 91 92 93 94 95 96 97 98 99 100 101 102 103 104 105 106 107 108 109 110 *111 
D:\服务器\swrod3\Utility\Run\spr\npcres\man\MA_HD_019_RN01.spr
0 1 2 3 4 5 6 7 8 9 10 11 12 13 14 15 16 17 18 19 20 21 22 23 24 25 26 27 28 29 30 31 32 33 34 35 36 37 38 39 40 41 42 43 44 45 46 47 48 49 50 51 52 53 54 55 56 57 58 59 60 61 62 63 64 65 66 67 68 69 70 71 72 73 74 75 76 77 78 79 80 81 82 83 84 85 86 *87 
D:\服务器\swrod3\Utility\Run\spr\npcres\man\MA_HD_019_ST01.spr
0 1 2 3 4 5 6 7 8 9 10 11 12 13 14 15 16 17 18 19 20 21 22 23 24 25 26 27 28 29 30 31 32 33 34 35 36 37 38 39 40 41 42 43 44 45 46 47 48 49 50 51 52 53 54 55 56 57 58 59 60 61 62 63 64 65 66 67 68 69 70 71 72 73 74 75 76 77 78 79 80 81 82 83 84 85 86 87 88 89 90 91 92 93 94 95 96 97 98 99 100 101 102 103 104 105 106 107 108 109 110 111 112 113 114 115 116 117 118 *119 
D:\服务器\swrod3\Utility\Run\spr\npcres\man\MA_HD_019_ST02.spr
0 1 2 3 4 5 6 7 8 9 10 11 12 13 14 15 16 17 18 19 20 21 22 23 24 25 26 27 28 29 30 31 32 33 34 35 36 37 38 39 40 41 42 43 44 45 46 47 48 49 50 51 52 53 54 55 56 57 58 59 60 61 62 63 64 65 66 67 68 69 70 71 72 73 74 75 76 77 78 79 80 81 82 83 84 85 86 87 88 89 90 91 92 93 94 95 96 97 98 99 100 101 102 103 104 105 106 107 108 109 110 111 112 113 114 115 116 117 118 *119 
D:\服务器\swrod3\Utility\Run\spr\npcres\man\MA_HD_019_ST03.spr
0 1 2 3 4 5 6 7 8 9 10 11 12 13 14 15 16 17 18 19 20 21 22 23 24 25 26 27 28 29 30 31 32 33 34 35 36 37 38 39 40 41 42 43 44 45 46 47 48 49 50 51 52 53 54 55 56 57 58 59 60 61 62 63 64 65 66 67 68 69 70 71 72 73 74 75 76 77 78 79 80 81 82 83 84 85 86 *87 
D:\服务器\swrod3\Utility\Run\spr\npcres\man\MA_HD_019_ZZ01.spr
0 1 2 3 4 5 6 7 8 9 10 11 12 13 14 15 16 17 18 19 20 21 22 23 24 25 26 27 28 29 30 31 32 33 34 35 36 37 38 39 40 41 42 43 44 45 46 47 48 49 50 51 52 53 54 55 56 57 58 59 60 61 62 63 64 65 66 67 68 69 70 *71 
D:\服务器\swrod3\Utility\Run\spr\npcres\man\MA_HH_001_HR01.spr
0 1 2 3 4 5 6 7 8 9 10 11 12 13 14 15 16 17 18 19 20 21 22 23 24 25 26 27 28 29 30 31 32 33 34 35 36 37 38 39 40 41 42 43 44 45 46 47 48 49 50 51 52 53 54 55 56 57 58 59 60 61 62 63 64 65 66 67 68 69 70 71 72 73 74 75 76 77 78 *79 
D:\服务器\swrod3\Utility\Run\spr\npcres\man\MA_HH_001_HW01.spr
0 1 2 3 4 5 6 7 8 9 10 11 12 13 14 15 16 17 18 19 20 21 22 23 24 25 26 27 28 29 30 31 32 33 34 35 36 37 38 39 40 41 42 43 44 45 46 47 48 49 50 51 52 53 54 55 56 57 58 59 60 61 62 63 64 65 66 67 68 69 70 71 72 73 74 75 76 77 78 79 80 81 82 83 84 85 86 87 88 89 90 91 92 93 94 *95 
D:\服务器\swrod3\Utility\Run\spr\npcres\man\MA_HH_001_RD01.spr
0 1 2 3 4 5 6 7 8 9 10 11 12 13 14 15 16 17 18 19 20 21 22 23 24 25 26 27 28 29 30 31 32 33 34 35 36 37 38 39 40 41 42 43 44 45 46 47 48 49 50 51 52 53 54 55 56 57 58 59 60 61 62 63 64 65 66 67 68 69 70 71 72 73 74 75 76 77 78 79 80 81 82 83 84 85 86 87 88 89 90 91 92 93 94 95 96 97 98 99 100 101 102 103 104 105 106 107 108 109 110 *111 
D:\服务器\swrod3\Utility\Run\spr\npcres\man\MA_HH_004_RD01.spr
0 1 2 3 4 5 6 7 8 9 10 11 12 13 14 15 16 17 18 19 20 21 22 23 24 25 26 27 28 29 30 31 32 33 34 35 36 37 38 39 40 41 42 43 44 45 46 47 48 49 50 51 52 53 54 55 56 57 58 59 60 61 62 63 64 65 66 67 68 69 70 71 72 73 74 75 76 77 78 79 80 81 82 83 84 85 86 87 88 89 90 91 92 93 94 95 96 97 98 99 100 101 102 103 104 105 106 107 108 109 110 *111 
D:\服务器\swrod3\Utility\Run\spr\npcres\man\MA_HR_019_HR01.spr
0 1 2 3 4 5 6 7 8 9 10 11 12 13 14 15 16 17 18 19 20 21 22 23 24 25 26 27 28 29 30 31 32 33 34 35 36 37 38 39 40 41 42 43 44 45 46 47 48 49 50 51 52 53 54 55 56 57 58 59 60 61 62 63 64 65 66 67 68 69 70 71 72 73 74 75 76 77 78 *79 
D:\服务器\swrod3\Utility\Run\spr\npcres\man\MA_HR_019_HW01.spr
0 1 2 3 4 5 6 7 8 9 10 11 12 13 14 15 16 17 18 19 20 21 22 23 24 25 26 27 28 29 30 31 32 33 34 35 36 37 38 39 40 41 42 43 44 45 46 47 48 49 50 51 52 53 54 55 56 57 58 59 60 61 62 63 64 65 66 67 68 69 70 71 72 73 74 75 76 77 78 79 80 81 82 83 84 85 86 87 88 89 90 91 92 93 94 *95 
D:\服务器\swrod3\Utility\Run\spr\npcres\man\MA_HR_019_RD01.spr
0 1 2 3 4 5 6 7 8 9 10 11 12 13 14 15 16 17 18 19 20 21 22 23 24 25 26 27 28 29 30 31 32 33 34 35 36 37 38 39 40 41 42 43 44 45 46 47 48 49 50 51 52 53 54 55 56 57 58 59 60 61 62 63 64 65 66 67 68 69 70 71 72 73 74 75 76 77 78 79 80 81 82 83 84 85 86 87 88 89 90 91 92 93 94 95 96 97 98 99 100 101 102 103 104 105 106 107 108 109 110 *111 
D:\服务器\swrod3\Utility\Run\spr\npcres\man\MA_HR_019_RN01.spr
0 1 2 3 4 5 6 7 8 9 10 11 12 13 14 15 16 17 18 19 20 21 22 23 24 25 26 27 28 29 30 31 32 33 34 35 36 37 38 39 40 41 42 43 44 45 46 47 48 49 50 51 52 53 54 55 56 57 58 59 60 61 62 63 64 65 66 67 68 69 70 71 72 73 74 75 76 77 78 79 80 81 82 83 84 85 86 *87 
D:\服务器\swrod3\Utility\Run\spr\npcres\man\MA_HR_019_ST01.spr
0 1 2 3 4 5 6 7 8 9 10 11 12 13 14 15 16 17 18 19 20 21 22 23 24 25 26 27 28 29 30 31 32 33 34 35 36 37 38 39 40 41 42 43 44 45 46 47 48 49 50 51 52 53 54 55 56 57 58 59 60 61 62 63 64 65 66 67 68 69 70 71 72 73 74 75 76 77 78 79 80 81 82 83 84 85 86 87 88 89 90 91 92 93 94 95 96 97 98 99 100 101 102 103 104 105 106 107 108 109 110 111 112 113 114 115 116 117 118 *119 
D:\服务器\swrod3\Utility\Run\spr\npcres\man\MA_HR_019_ST02.spr
0 1 2 3 4 5 6 7 8 9 10 11 12 13 14 15 16 17 18 19 20 21 22 23 24 25 26 27 28 29 30 31 32 33 34 35 36 37 38 39 40 41 42 43 44 45 46 47 48 49 50 51 52 53 54 55 56 57 58 59 60 61 62 63 64 65 66 67 68 69 70 71 72 73 74 75 76 77 78 79 80 81 82 83 84 85 86 87 88 89 90 91 92 93 94 95 96 97 98 99 100 101 102 103 104 105 106 107 108 109 110 111 112 113 114 115 116 117 118 *119 
D:\服务器\swrod3\Utility\Run\spr\npcres\man\MA_HR_019_ST03.spr
0 1 2 3 4 5 6 7 8 9 10 11 12 13 14 15 16 17 18 19 20 21 22 23 24 25 26 27 28 29 30 31 32 33 34 35 36 37 38 39 40 41 42 43 44 45 46 47 48 49 50 51 52 53 54 55 56 57 58 59 60 61 62 63 64 65 66 67 68 69 70 71 72 73 74 75 76 77 78 79 80 81 82 83 84 85 86 *87 
D:\服务器\swrod3\Utility\Run\spr\npcres\man\MA_HR_019_ZZ01.spr
0 1 2 3 4 5 6 7 8 9 10 11 12 13 14 15 16 17 18 19 20 21 22 23 24 25 26 27 28 29 30 31 32 33 34 35 36 37 38 39 40 41 42 43 44 45 46 47 48 49 50 51 52 53 54 55 56 57 58 59 60 61 62 63 64 65 66 67 68 69 70 *71 
D:\服务器\swrod3\Utility\Run\spr\npcres\man\MA_HT_001_HR01.spr
0 1 2 3 4 5 6 7 8 9 10 11 12 13 14 15 16 17 18 19 20 21 22 23 24 25 26 27 28 29 30 31 32 33 34 35 36 37 38 39 40 41 42 43 44 45 46 47 48 49 50 51 52 53 54 55 56 57 58 59 60 61 62 63 64 65 66 67 68 69 70 71 72 73 74 75 76 77 78 *79 
D:\服务器\swrod3\Utility\Run\spr\npcres\man\MA_HT_001_HW01.spr
0 1 2 3 4 5 6 7 8 9 10 11 12 13 14 15 16 17 18 19 20 21 22 23 24 25 26 27 28 29 30 31 32 33 34 35 36 37 38 39 40 41 42 43 44 45 46 47 48 49 50 51 52 53 54 55 56 57 58 59 60 61 62 63 64 65 66 67 68 69 70 71 72 73 74 75 76 77 78 79 80 81 82 83 84 85 86 87 88 89 90 91 92 93 94 *95 
D:\服务器\swrod3\Utility\Run\spr\npcres\man\MA_HT_001_RD01.spr
0 1 2 3 4 5 6 7 8 9 10 11 12 13 14 15 16 17 18 19 20 21 22 23 24 25 26 27 28 29 30 31 32 33 34 35 36 37 38 39 40 41 42 43 44 45 46 47 48 49 50 51 52 53 54 55 56 57 58 59 60 61 62 63 64 65 66 67 68 69 70 71 72 73 74 75 76 77 78 79 80 81 82 83 84 85 86 87 88 89 90 91 92 93 94 95 96 97 98 99 100 101 102 103 104 105 106 107 108 109 110 *111 
D:\服务器\swrod3\Utility\Run\spr\npcres\man\MA_HT_004_RD01.spr
0 1 2 3 4 5 6 7 8 9 10 11 12 13 14 15 16 17 18 19 20 21 22 23 24 25 26 27 28 29 30 31 32 33 34 35 36 37 38 39 40 41 42 43 44 45 46 47 48 49 50 51 52 53 54 55 56 57 58 59 60 61 62 63 64 65 66 67 68 69 70 71 72 73 74 75 76 77 78 79 80 81 82 83 84 85 86 87 88 89 90 91 92 93 94 95 96 97 98 99 100 101 102 103 104 105 106 107 108 109 110 *111 
D:\服务器\swrod3\Utility\Run\spr\npcres\man\MA_LH_010_RD01.spr
0 1 2 3 4 5 6 7 8 9 10 11 12 13 14 15 16 17 18 19 20 21 22 23 24 25 26 27 28 29 30 31 32 33 34 35 36 37 38 39 40 41 42 43 44 45 46 47 48 49 50 51 52 53 54 55 56 57 58 59 60 61 62 63 64 65 66 67 68 69 70 71 72 73 74 75 76 77 78 79 80 81 82 83 84 85 86 87 88 89 90 91 92 93 94 95 96 97 98 99 100 101 102 103 104 105 106 107 108 109 110 *111 
D:\服务器\swrod3\Utility\Run\spr\npcres\man\MA_LH_019_HR01.spr
0 1 2 3 4 5 6 7 8 9 10 11 12 13 14 15 16 17 18 19 20 21 22 23 24 25 26 27 28 29 30 31 32 33 34 35 36 37 38 39 40 41 42 43 44 45 46 47 48 49 50 51 52 53 54 55 56 57 58 59 60 61 62 63 64 65 66 67 68 69 70 71 72 73 74 75 76 77 78 *79 
D:\服务器\swrod3\Utility\Run\spr\npcres\man\MA_LH_019_HW01.spr
0 1 2 3 4 5 6 7 8 9 10 11 12 13 14 15 16 17 18 19 20 21 22 23 24 25 26 27 28 29 30 31 32 33 34 35 36 37 38 39 40 41 42 43 44 45 46 47 48 49 50 51 52 53 54 55 56 57 58 59 60 61 62 63 64 65 66 67 68 69 70 71 72 73 74 75 76 77 78 79 80 81 82 83 84 85 86 87 88 89 90 91 92 93 94 *95 
D:\服务器\swrod3\Utility\Run\spr\npcres\man\MA_LH_019_RD01.spr
0 1 2 3 4 5 6 7 8 9 10 11 12 13 14 15 16 17 18 19 20 21 22 23 24 25 26 27 28 29 30 31 32 33 34 35 36 37 38 39 40 41 42 43 44 45 46 47 48 49 50 51 52 53 54 55 56 57 58 59 60 61 62 63 64 65 66 67 68 69 70 71 72 73 74 75 76 77 78 79 80 81 82 83 84 85 86 87 88 89 90 91 92 93 94 95 96 97 98 99 100 101 102 103 104 105 106 107 108 109 110 *111 
D:\服务器\swrod3\Utility\Run\spr\npcres\man\MA_LH_019_RN01.spr
0 1 2 3 4 5 6 7 8 9 10 11 12 13 14 15 16 17 18 19 20 21 22 23 24 25 26 27 28 29 30 31 32 33 34 35 36 37 38 39 40 41 42 43 44 45 46 47 48 49 50 51 52 53 54 55 56 57 58 59 60 61 62 63 64 65 66 67 68 69 70 71 72 73 74 75 76 77 78 79 80 81 82 83 84 85 86 *87 
D:\服务器\swrod3\Utility\Run\spr\npcres\man\MA_LH_019_ST01.spr
0 1 2 3 4 5 6 7 8 9 10 11 12 13 14 15 16 17 18 19 20 21 22 23 24 25 26 27 28 29 30 31 32 33 34 35 36 37 38 39 40 41 42 43 44 45 46 47 48 49 50 51 52 53 54 55 56 57 58 59 60 61 62 63 64 65 66 67 68 69 70 71 72 73 74 75 76 77 78 79 80 81 82 83 84 85 86 87 88 89 90 91 92 93 94 95 96 97 98 99 100 101 102 103 104 105 106 107 108 109 110 111 112 113 114 115 116 117 118 *119 
D:\服务器\swrod3\Utility\Run\spr\npcres\man\MA_LH_019_ST02.spr
0 1 2 3 4 5 6 7 8 9 10 11 12 13 14 15 16 17 18 19 20 21 22 23 24 25 26 27 28 29 30 31 32 33 34 35 36 37 38 39 40 41 42 43 44 45 46 47 48 49 50 51 52 53 54 55 56 57 58 59 60 61 62 63 64 65 66 67 68 69 70 71 72 73 74 75 76 77 78 79 80 81 82 83 84 85 86 87 88 89 90 91 92 93 94 95 96 97 98 99 100 101 102 103 104 105 106 107 108 109 110 111 112 113 114 115 116 117 118 *119 
D:\服务器\swrod3\Utility\Run\spr\npcres\man\MA_LH_019_ST03.spr
0 1 2 3 4 5 6 7 8 9 10 11 12 13 14 15 16 17 18 19 20 21 22 23 24 25 26 27 28 29 30 31 32 33 34 35 36 37 38 39 40 41 42 43 44 45 46 47 48 49 50 51 52 53 54 55 56 57 58 59 60 61 62 63 64 65 66 67 68 69 70 71 72 73 74 75 76 77 78 79 80 81 82 83 84 85 86 *87 
D:\服务器\swrod3\Utility\Run\spr\npcres\man\MA_LH_019_ZZ01.spr
0 1 2 3 4 5 6 7 8 9 10 11 12 13 14 15 16 17 18 19 20 21 22 23 24 25 26 27 28 29 30 31 32 33 34 35 36 37 38 39 40 41 42 43 44 45 46 47 48 49 50 51 52 53 54 55 56 57 58 59 60 61 62 63 64 65 66 67 68 69 70 *71 
D:\服务器\swrod3\Utility\Run\spr\npcres\man\MA_LW_000_HR01.spr
0 1 2 3 4 5 6 7 8 9 10 11 12 13 14 15 16 17 18 19 20 21 22 23 24 25 26 27 28 29 30 31 32 33 34 35 36 37 38 39 40 41 42 43 44 45 46 47 48 49 50 51 52 53 54 55 56 57 58 59 60 61 62 63 64 65 66 67 68 69 70 71 72 73 74 75 76 77 78 *79 
D:\服务器\swrod3\Utility\Run\spr\npcres\man\MA_LW_000_HW01.spr
0 1 2 3 4 5 6 7 8 9 10 11 12 13 14 15 16 17 18 19 20 21 22 23 24 25 26 27 28 29 30 31 32 33 34 35 36 37 38 39 40 41 42 43 44 45 46 47 48 49 50 51 52 53 54 55 56 57 58 59 60 61 62 63 64 65 66 67 68 69 70 71 72 73 74 75 76 77 78 79 80 81 82 83 84 85 86 87 88 89 90 91 92 93 94 *95 
D:\服务器\swrod3\Utility\Run\spr\npcres\man\MA_LW_000_RD01.spr
0 1 2 3 4 5 6 7 8 9 10 11 12 13 14 15 16 17 18 19 20 21 22 23 24 25 26 27 28 29 30 31 32 33 34 35 36 37 38 39 40 41 42 43 44 45 46 47 48 49 50 51 52 53 54 55 56 57 58 59 60 61 62 63 64 65 66 67 68 69 70 71 72 73 74 75 76 77 78 79 80 81 82 83 84 85 86 87 88 89 90 91 92 93 94 95 96 97 98 99 100 101 102 103 104 105 106 107 108 109 110 *111 
D:\服务器\swrod3\Utility\Run\spr\npcres\man\MA_LW_000_RN01.spr
0 1 2 3 4 5 6 7 8 9 10 11 12 13 14 15 16 17 18 19 20 21 22 23 24 25 26 27 28 29 30 31 32 33 34 35 36 37 38 39 40 41 42 43 44 45 46 47 48 49 50 51 52 53 54 55 56 57 58 59 60 61 62 63 64 65 66 67 68 69 70 71 72 73 74 75 76 77 78 79 80 81 82 83 84 85 86 *87 
D:\服务器\swrod3\Utility\Run\spr\npcres\man\MA_LW_000_ST01.spr
0 1 2 3 4 5 6 7 8 9 10 11 12 13 14 15 16 17 18 19 20 21 22 23 24 25 26 27 28 29 30 31 32 33 34 35 36 37 38 39 40 41 42 43 44 45 46 47 48 49 50 51 52 53 54 55 56 57 58 59 60 61 62 63 64 65 66 67 68 69 70 71 72 73 74 75 76 77 78 79 80 81 82 83 84 85 86 87 88 89 90 91 92 93 94 95 96 97 98 99 100 101 102 103 104 105 106 107 108 109 110 111 112 113 114 115 116 117 118 *119 
D:\服务器\swrod3\Utility\Run\spr\npcres\man\MA_LW_000_ST02.spr
0 1 2 3 4 5 6 7 8 9 10 11 12 13 14 15 16 17 18 19 20 21 22 23 24 25 26 27 28 29 30 31 32 33 34 35 36 37 38 39 40 41 42 43 44 45 46 47 48 49 50 51 52 53 54 55 56 57 58 59 60 61 62 63 64 65 66 67 68 69 70 71 72 73 74 75 76 77 78 79 80 81 82 83 84 85 86 87 88 89 90 91 92 93 94 95 96 97 98 99 100 101 102 103 104 105 106 107 108 109 110 111 112 113 114 115 116 117 118 *119 
D:\服务器\swrod3\Utility\Run\spr\npcres\man\MA_LW_000_ST03.spr
0 1 2 3 4 5 6 7 8 9 10 11 12 13 14 15 16 17 18 19 20 21 22 23 24 25 26 27 28 29 30 31 32 33 34 35 36 37 38 39 40 41 42 43 44 45 46 47 48 49 50 51 52 53 54 55 56 57 58 59 60 61 62 63 64 65 66 67 68 69 70 71 72 73 74 75 76 77 78 79 80 81 82 83 84 85 86 *87 
D:\服务器\swrod3\Utility\Run\spr\npcres\man\MA_LW_000_ZZ01.spr
0 1 2 3 4 5 6 7 8 9 10 11 12 13 14 15 16 17 18 19 20 21 22 23 24 25 26 27 28 29 30 31 32 33 34 35 36 37 38 39 40 41 42 43 44 45 46 47 48 49 50 51 52 53 54 55 56 57 58 59 60 61 62 63 64 65 66 67 68 69 70 *71 
D:\服务器\swrod3\Utility\Run\spr\npcres\man\MA_RH_010_RD01.spr
0 1 2 3 4 5 6 7 8 9 10 11 12 13 14 15 16 17 18 19 20 21 22 23 24 25 26 27 28 29 30 31 32 33 34 35 36 37 38 39 40 41 42 43 44 45 46 47 48 49 50 51 52 53 54 55 56 57 58 59 60 61 62 63 64 65 66 67 68 69 70 71 72 73 74 75 76 77 78 79 80 81 82 83 84 85 86 87 88 89 90 91 92 93 94 95 96 97 98 99 100 101 102 103 104 105 106 107 108 109 110 *111 
D:\服务器\swrod3\Utility\Run\spr\npcres\man\MA_RH_019_HR01.spr
0 1 2 3 4 5 6 7 8 9 10 11 12 13 14 15 16 17 18 19 20 21 22 23 24 25 26 27 28 29 30 31 32 33 34 35 36 37 38 39 40 41 42 43 44 45 46 47 48 49 50 51 52 53 54 55 56 57 58 59 60 61 62 63 64 65 66 67 68 69 70 71 72 73 74 75 76 77 78 *79 
D:\服务器\swrod3\Utility\Run\spr\npcres\man\MA_RH_019_HW01.spr
0 1 2 3 4 5 6 7 8 9 10 11 12 13 14 15 16 17 18 19 20 21 22 23 24 25 26 27 28 29 30 31 32 33 34 35 36 37 38 39 40 41 42 43 44 45 46 47 48 49 50 51 52 53 54 55 56 57 58 59 60 61 62 63 64 65 66 67 68 69 70 71 72 73 74 75 76 77 78 79 80 81 82 83 84 85 86 87 88 89 90 91 92 93 94 *95 
D:\服务器\swrod3\Utility\Run\spr\npcres\man\MA_RH_019_RD01.spr
0 1 2 3 4 5 6 7 8 9 10 11 12 13 14 15 16 17 18 19 20 21 22 23 24 25 26 27 28 29 30 31 32 33 34 35 36 37 38 39 40 41 42 43 44 45 46 47 48 49 50 51 52 53 54 55 56 57 58 59 60 61 62 63 64 65 66 67 68 69 70 71 72 73 74 75 76 77 78 79 80 81 82 83 84 85 86 87 88 89 90 91 92 93 94 95 96 97 98 99 100 101 102 103 104 105 106 107 108 109 110 *111 
D:\服务器\swrod3\Utility\Run\spr\npcres\man\MA_RH_019_RN01.spr
0 1 2 3 4 5 6 7 8 9 10 11 12 13 14 15 16 17 18 19 20 21 22 23 24 25 26 27 28 29 30 31 32 33 34 35 36 37 38 39 40 41 42 43 44 45 46 47 48 49 50 51 52 53 54 55 56 57 58 59 60 61 62 63 64 65 66 67 68 69 70 71 72 73 74 75 76 77 78 79 80 81 82 83 84 85 86 *87 
D:\服务器\swrod3\Utility\Run\spr\npcres\man\MA_RH_019_ST01.spr
0 1 2 3 4 5 6 7 8 9 10 11 12 13 14 15 16 17 18 19 20 21 22 23 24 25 26 27 28 29 30 31 32 33 34 35 36 37 38 39 40 41 42 43 44 45 46 47 48 49 50 51 52 53 54 55 56 57 58 59 60 61 62 63 64 65 66 67 68 69 70 71 72 73 74 75 76 77 78 79 80 81 82 83 84 85 86 87 88 89 90 91 92 93 94 95 96 97 98 99 100 101 102 103 104 105 106 107 108 109 110 111 112 113 114 115 116 117 118 *119 
D:\服务器\swrod3\Utility\Run\spr\npcres\man\MA_RH_019_ST02.spr
0 1 2 3 4 5 6 7 8 9 10 11 12 13 14 15 16 17 18 19 20 21 22 23 24 25 26 27 28 29 30 31 32 33 34 35 36 37 38 39 40 41 42 43 44 45 46 47 48 49 50 51 52 53 54 55 56 57 58 59 60 61 62 63 64 65 66 67 68 69 70 71 72 73 74 75 76 77 78 79 80 81 82 83 84 85 86 87 88 89 90 91 92 93 94 95 96 97 98 99 100 101 102 103 104 105 106 107 108 109 110 111 112 113 114 115 116 117 118 *119 
D:\服务器\swrod3\Utility\Run\spr\npcres\man\MA_RH_019_ST03.spr
0 1 2 3 4 5 6 7 8 9 10 11 12 13 14 15 16 17 18 19 20 21 22 23 24 25 26 27 28 29 30 31 32 33 34 35 36 37 38 39 40 41 42 43 44 45 46 47 48 49 50 51 52 53 54 55 56 57 58 59 60 61 62 63 64 65 66 67 68 69 70 71 72 73 74 75 76 77 78 79 80 81 82 83 84 85 86 *87 
D:\服务器\swrod3\Utility\Run\spr\npcres\man\MA_RH_019_ZZ01.spr
0 1 2 3 4 5 6 7 8 9 10 11 12 13 14 15 16 17 18 19 20 21 22 23 24 25 26 27 28 29 30 31 32 33 34 35 36 37 38 39 40 41 42 43 44 45 46 47 48 49 50 51 52 53 54 55 56 57 58 59 60 61 62 63 64 65 66 67 68 69 70 *71 
D:\服务器\swrod3\Utility\Run\spr\npcres\man\MA_RW_000_HR01.spr
0 1 2 3 4 5 6 7 8 9 10 11 12 13 14 15 16 17 18 19 20 21 22 23 24 25 26 27 28 29 30 31 32 33 34 35 36 37 38 39 40 41 42 43 44 45 46 47 48 49 50 51 52 53 54 55 56 57 58 59 60 61 62 63 64 65 66 67 68 69 70 71 72 73 74 75 76 77 78 *79 
D:\服务器\swrod3\Utility\Run\spr\npcres\man\MA_RW_000_HW01.spr
0 1 2 3 4 5 6 7 8 9 10 11 12 13 14 15 16 17 18 19 20 21 22 23 24 25 26 27 28 29 30 31 32 33 34 35 36 37 38 39 40 41 42 43 44 45 46 47 48 49 50 51 52 53 54 55 56 57 58 59 60 61 62 63 64 65 66 67 68 69 70 71 72 73 74 75 76 77 78 79 80 81 82 83 84 85 86 87 88 89 90 91 92 93 94 *95 
D:\服务器\swrod3\Utility\Run\spr\npcres\man\MA_RW_000_RD01.spr
0 1 2 3 4 5 6 7 8 9 10 11 12 13 14 15 16 17 18 19 20 21 22 23 24 25 26 27 28 29 30 31 32 33 34 35 36 37 38 39 40 41 42 43 44 45 46 47 48 49 50 51 52 53 54 55 56 57 58 59 60 61 62 63 64 65 66 67 68 69 70 71 72 73 74 75 76 77 78 79 80 81 82 83 84 85 86 87 88 89 90 91 92 93 94 95 96 97 98 99 100 101 102 103 104 105 106 107 108 109 110 *111 
D:\服务器\swrod3\Utility\Run\spr\npcres\man\MA_RW_000_RN01.spr
0 1 2 3 4 5 6 7 8 9 10 11 12 13 14 15 16 17 18 19 20 21 22 23 24 25 26 27 28 29 30 31 32 33 34 35 36 37 38 39 40 41 42 43 44 45 46 47 48 49 50 51 52 53 54 55 56 57 58 59 60 61 62 63 64 65 66 67 68 69 70 71 72 73 74 75 76 77 78 79 80 81 82 83 84 85 86 *87 
D:\服务器\swrod3\Utility\Run\spr\npcres\man\MA_RW_000_ST01.spr
0 1 2 3 4 5 6 7 8 9 10 11 12 13 14 15 16 17 18 19 20 21 22 23 24 25 26 27 28 29 30 31 32 33 34 35 36 37 38 39 40 41 42 43 44 45 46 47 48 49 50 51 52 53 54 55 56 57 58 59 60 61 62 63 64 65 66 67 68 69 70 71 72 73 74 75 76 77 78 79 80 81 82 83 84 85 86 87 88 89 90 91 92 93 94 95 96 97 98 99 100 101 102 103 104 105 106 107 108 109 110 111 112 113 114 115 116 117 118 *119 
D:\服务器\swrod3\Utility\Run\spr\npcres\man\MA_RW_000_ST02.spr
0 1 2 3 4 5 6 7 8 9 10 11 12 13 14 15 16 17 18 19 20 21 22 23 24 25 26 27 28 29 30 31 32 33 34 35 36 37 38 39 40 41 42 43 44 45 46 47 48 49 50 51 52 53 54 55 56 57 58 59 60 61 62 63 64 65 66 67 68 69 70 71 72 73 74 75 76 77 78 79 80 81 82 83 84 85 86 87 88 89 90 91 92 93 94 95 96 97 98 99 100 101 102 103 104 105 106 107 108 109 110 111 112 113 114 115 116 117 118 *119 
D:\服务器\swrod3\Utility\Run\spr\npcres\man\MA_RW_000_ST03.spr
0 1 2 3 4 5 6 7 8 9 10 11 12 13 14 15 16 17 18 19 20 21 22 23 24 25 26 27 28 29 30 31 32 33 34 35 36 37 38 39 40 41 42 43 44 45 46 47 48 49 50 51 52 53 54 55 56 57 58 59 60 61 62 63 64 65 66 67 68 69 70 71 72 73 74 75 76 77 78 79 80 81 82 83 84 85 86 *87 
D:\服务器\swrod3\Utility\Run\spr\npcres\man\MA_RW_000_ZZ01.spr
0 1 2 3 4 5 6 7 8 9 10 11 12 13 14 15 16 17 18 19 20 21 22 23 24 25 26 27 28 29 30 31 32 33 34 35 36 37 38 39 40 41 42 43 44 45 46 47 48 49 50 51 52 53 54 55 56 57 58 59 60 61 62 63 64 65 66 67 68 69 70 *71 
D:\服务器\swrod3\Utility\Run\spr\npcres\man\MA_RW_004_RD01.spr
0 1 2 3 4 5 6 7 8 9 10 11 12 13 14 15 16 17 18 19 20 21 22 23 24 25 26 27 28 29 30 31 32 33 34 35 36 37 38 39 40 41 42 43 44 45 46 47 48 49 50 51 52 53 54 55 56 57 58 59 60 61 62 63 64 65 66 67 68 69 70 71 72 73 74 75 76 77 78 79 80 81 82 83 84 85 86 87 88 89 90 91 92 93 94 95 96 97 98 99 100 101 102 103 104 105 106 107 108 109 110 *111 
D:\服务器\swrod3\Utility\Run\spr\npcres\man\MA_YY_999_HR01.spr
0 1 2 3 4 5 6 7 8 9 10 11 12 13 14 15 16 17 18 19 20 21 22 23 24 25 26 27 28 29 30 31 32 33 34 35 36 37 38 39 40 41 42 43 44 45 46 47 48 49 50 51 52 53 54 55 56 57 58 59 60 61 62 63 64 65 66 67 68 69 70 71 72 73 74 75 76 77 78 *79 
D:\服务器\swrod3\Utility\Run\spr\npcres\man\MA_YY_999_HW01.spr
0 1 2 3 4 5 6 7 8 9 10 11 12 13 14 15 16 17 18 19 20 21 22 23 24 25 26 27 28 29 30 31 32 33 34 35 36 37 38 39 40 41 42 43 44 45 46 47 48 49 50 51 52 53 54 55 56 57 58 59 60 61 62 63 64 65 66 67 68 69 70 71 72 73 74 75 76 77 78 79 80 81 82 83 84 85 86 87 88 89 90 91 92 93 94 *95 
D:\服务器\swrod3\Utility\Run\spr\npcres\man\MA_YY_999_RD01.spr
0 1 2 3 4 5 6 7 8 9 10 11 12 13 14 15 16 17 18 19 20 21 22 23 24 25 26 27 28 29 30 31 32 33 34 35 36 37 38 39 40 41 42 43 44 45 46 47 48 49 50 51 52 53 54 55 56 57 58 59 60 61 62 63 64 65 66 67 68 69 70 71 72 73 74 75 76 77 78 79 80 81 82 83 84 85 86 87 88 89 90 91 92 93 94 95 96 97 98 99 100 101 102 103 104 105 106 107 108 109 110 *111 
D:\服务器\swrod3\Utility\Run\spr\npcres\man\MA_YY_999_RN01.spr
0 1 2 3 4 5 6 7 8 9 10 11 12 13 14 15 16 17 18 19 20 21 22 23 24 25 26 27 28 29 30 31 32 33 34 35 36 37 38 39 40 41 42 43 44 45 46 47 48 49 50 51 52 53 54 55 56 57 58 59 60 61 62 63 64 65 66 67 68 69 70 71 72 73 74 75 76 77 78 79 80 81 82 83 84 85 86 *87 
D:\服务器\swrod3\Utility\Run\spr\npcres\man\MA_YY_999_ST01.spr
0 1 2 3 4 5 6 7 8 9 10 11 12 13 14 15 16 17 18 19 20 21 22 23 24 25 26 27 28 29 30 31 32 33 34 35 36 37 38 39 40 41 42 43 44 45 46 47 48 49 50 51 52 53 54 55 56 57 58 59 60 61 62 63 64 65 66 67 68 69 70 71 72 73 74 75 76 77 78 79 80 81 82 83 84 85 86 87 88 89 90 91 92 93 94 95 96 97 98 99 100 101 102 103 104 105 106 107 108 109 110 111 112 113 114 115 116 117 118 *119 
D:\服务器\swrod3\Utility\Run\spr\npcres\man\MA_YY_999_ST02.spr
0 1 2 3 4 5 6 7 8 9 10 11 12 13 14 15 16 17 18 19 20 21 22 23 24 25 26 27 28 29 30 31 32 33 34 35 36 37 38 39 40 41 42 43 44 45 46 47 48 49 50 51 52 53 54 55 56 57 58 59 60 61 62 63 64 65 66 67 68 69 70 71 72 73 74 75 76 77 78 79 80 81 82 83 84 85 86 87 88 89 90 91 92 93 94 95 96 97 98 99 100 101 102 103 104 105 106 107 108 109 110 111 112 113 114 115 116 117 118 *119 
D:\服务器\swrod3\Utility\Run\spr\npcres\man\MA_YY_999_ST03.spr
0 1 2 3 4 5 6 7 8 9 10 11 12 13 14 15 16 17 18 19 20 21 22 23 24 25 26 27 28 29 30 31 32 33 34 35 36 37 38 39 40 41 42 43 44 45 46 47 48 49 50 51 52 53 54 55 56 57 58 59 60 61 62 63 64 65 66 67 68 69 70 71 72 73 74 75 76 77 78 79 80 81 82 83 84 85 86 *87 
D:\服务器\swrod3\Utility\Run\spr\npcres\man\MA_YY_999_ZZ01.spr
0 1 2 3 4 5 6 7 8 9 10 11 12 13 14 15 16 17 18 19 20 21 22 23 24 25 26 27 28 29 30 31 32 33 34 35 36 37 38 39 40 41 42 43 44 45 46 47 48 49 50 51 52 53 54 55 56 57 58 59 60 61 62 63 64 65 66 67 68 69 70 *71 
D:\服务器\swrod3\Utility\Run\spr\npcres\passerby\passerby007\passerby007s.spr
0 1 2 3 4 5 6 7 8 9 10 11 12 13 14 15 16 17 18 19 20 21 22 23 24 25 26 27 28 29 30 31 32 33 34 35 36 37 38 39 40 41 42 43 44 45 46 47 48 49 50 51 52 53 54 55 56 57 58 59 60 61 62 63 64 65 66 67 68 69 70 71 72 73 74 75 76 77 78 79 80 81 82 83 84 85 86 87 88 89 90 91 92 93 94 95 96 97 98 99 100 101 102 103 104 105 106 107 108 109 110 111 112 113 114 115 116 117 118 119 120 121 122 123 124 125 126 127 128 129 130 131 132 133 134 135 136 137 138 139 140 141 142 143 144 145 146 147 148 149 150 151 152 153 154 155 156 157 158 159 160 161 162 163 164 165 166 167 168 169 170 171 172 173 174 175 176 177 178 179 180 181 182 183 184 185 186 187 188 189 190 191 192 193 194 195 196 197 198 *199 
D:\服务器\swrod3\Utility\Run\spr\npcres\passerby\passerby028\passerby028z.spr
0 1 2 3 4 5 6 7 8 9 10 11 12 13 14 15 16 17 18 19 20 21 22 23 24 25 26 27 28 29 30 31 32 33 34 35 36 37 38 39 40 41 42 43 44 45 46 47 48 49 50 51 52 53 54 55 56 57 58 59 60 61 62 63 64 65 66 67 68 69 70 71 72 73 74 75 76 77 78 79 80 81 82 83 84 85 86 87 88 89 90 91 92 93 94 95 96 97 98 99 100 101 102 103 104 105 106 107 108 109 110 111 112 113 114 115 116 117 118 119 120 121 122 123 124 125 126 127 128 129 130 131 132 133 134 135 136 137 138 139 140 141 142 *143 
D:\服务器\swrod3\Utility\Run\spr\npcres\style\menustate02.spr
0 1 2 3 4 5 6 7 *8 
D:\服务器\swrod3\Utility\Run\spr\npcres\style\menustate04.spr
0 1 2 3 4 5 6 7 8 9 10 11 *12 
D:\服务器\swrod3\Utility\Run\spr\Ui\技能图标\icon_sk_tm_01.spr
0 1 2 *3 
D:\服务器\swrod3\Utility\Run\spr\Ui3\主界面\主界面按钮-GM频道选择.spr
*0 
D:\服务器\swrod3\Utility\Run\spr\Ui3\主界面\主界面按钮-世界频道选择.spr
*0 
D:\服务器\swrod3\Utility\Run\spr\Ui3\主界面\主界面按钮-城市频道选择.spr
*0 
D:\服务器\swrod3\Utility\Run\spr\Ui3\主界面\主界面按钮-好友.spr
0 1 *2 
D:\服务器\swrod3\Utility\Run\spr\Ui3\主界面\主界面按钮-好友频道选择.spr
*0 
D:\服务器\swrod3\Utility\Run\spr\Ui3\主界面\主界面按钮-密人频道选择.spr
*0 
D:\服务器\swrod3\Utility\Run\spr\Ui3\主界面\主界面按钮-聊天发送.spr
0 1 *2 
D:\服务器\swrod3\Utility\Run\spr\Ui3\主界面\主界面按钮-门派频道选择.spr
*0 
D:\服务器\swrod3\Utility\Run\spr\Ui3\主界面\主界面按钮-队伍频道选择.spr
*0 
D:\服务器\swrod3\Utility\Run\spr\Ui3\主界面\主界面按钮-附近频道选择.spr
*0 
D:\服务器\swrod3\Utility\Run\spr\Ui3\主界面\主界面按钮条.spr
*0 
D:\服务器\swrod3\Utility\Run\spr\Ui3\主界面\主界面按钮－系统选项.spr
0 1 *2 
D:\服务器\swrod3\Utility\Run\spr\Ui3\主界面\主界面新版.spr
*0 
D:\服务器\swrod3\Utility\Run\spr\Ui3\主界面\体力条.spr
*0 
D:\服务器\swrod3\Utility\Run\spr\Ui3\主界面\内力条.spr
*0 
D:\服务器\swrod3\Utility\Run\spr\Ui3\主界面\按钮条按钮\pk.spr
0 *1 
D:\服务器\swrod3\Utility\Run\spr\Ui3\主界面\按钮条按钮\交易.spr
0 *1 
D:\服务器\swrod3\Utility\Run\spr\Ui3\主界面\按钮条按钮\人物.spr
0 1 *2 
D:\服务器\swrod3\Utility\Run\spr\Ui3\主界面\按钮条按钮\帮派.spr
0 1 *2 
D:\服务器\swrod3\Utility\Run\spr\Ui3\主界面\按钮条按钮\打坐.spr
0 *1 
D:\服务器\swrod3\Utility\Run\spr\Ui3\主界面\按钮条按钮\武功.spr
0 1 *2 
D:\服务器\swrod3\Utility\Run\spr\Ui3\主界面\按钮条按钮\物品.spr
0 1 *2 
D:\服务器\swrod3\Utility\Run\spr\Ui3\主界面\按钮条按钮\组队.spr
0 1 *2 
D:\服务器\swrod3\Utility\Run\spr\Ui3\主界面\按钮条按钮\骑马.spr
0 *1 
D:\服务器\swrod3\Utility\Run\spr\Ui3\主界面\新血条面板.spr
*0 
D:\服务器\swrod3\Utility\Run\spr\Ui3\主界面\生命条.spr
*0 
D:\服务器\swrod3\Utility\Run\spr\Ui3\主界面\经验条.spr
*0 
D:\服务器\swrod3\Utility\Run\spr\Ui3\主界面\聊天频道图示－GM频道.spr
*0 
D:\服务器\swrod3\Utility\Run\spr\Ui3\主界面\聊天频道图示－世界频道.spr
*0 
D:\服务器\swrod3\Utility\Run\spr\Ui3\主界面\聊天频道图示－城市频道.spr
*0 
D:\服务器\swrod3\Utility\Run\spr\Ui3\主界面\聊天频道图示－好友频道.spr
*0 
D:\服务器\swrod3\Utility\Run\spr\Ui3\主界面\聊天频道图示－密人频道.spr
*0 
D:\服务器\swrod3\Utility\Run\spr\Ui3\主界面\聊天频道图示－自己说.spr
*0 
D:\服务器\swrod3\Utility\Run\spr\Ui3\主界面\聊天频道图示－门派频道.spr
*0 
D:\服务器\swrod3\Utility\Run\spr\Ui3\主界面\聊天频道图示－队伍频道.spr
*0 
D:\服务器\swrod3\Utility\Run\spr\Ui3\主界面\聊天频道图示－附近频道.spr
*0 
D:\服务器\swrod3\Utility\Run\spr\Ui3\主界面\表情符号扩展.spr
0 1 *2 
D:\服务器\swrod3\Utility\Run\spr\Ui3\主界面\频道开与关b.spr
*0 
D:\服务器\swrod3\Utility\Run\spr\Ui3\好友qq\QQ主界面向上按钮.spr
0 1 *2 
D:\服务器\swrod3\Utility\Run\spr\Ui3\好友qq\QQ主界面向下按钮.spr
0 1 *2 
D:\服务器\swrod3\Utility\Run\spr\Ui3\好友qq\好友QQ－上部分.spr
*0 
D:\服务器\swrod3\Utility\Run\spr\Ui3\好友qq\好友QQ－下部分.spr
*0 
D:\服务器\swrod3\Utility\Run\spr\Ui3\好友qq\好友QQ－中部分.spr
*0 
D:\服务器\swrod3\Utility\Run\spr\Ui3\好友qq\好友QQ－组按钮.spr
0 *1 
D:\服务器\swrod3\Utility\Run\spr\Ui3\好友qq\好友－关闭.spr
0 1 *2 
D:\服务器\swrod3\Utility\Run\spr\Ui3\好友qq\好友－查找.spr
0 1 *2 
D:\服务器\swrod3\Utility\Run\spr\Ui3\小地图\坐标点.spr
0 1 *2 
D:\服务器\swrod3\Utility\Run\spr\Ui3\小地图\小地图－世界大地图按钮.spr
0 1 *2 
D:\服务器\swrod3\Utility\Run\spr\Ui3\帮助\超简单帮助.spr
*0 
D:\服务器\swrod3\Utility\Run\spr\Ui3\帮派\帮派－关闭.spr
0 1 *2 
D:\服务器\swrod3\Utility\Run\spr\Ui3\技能\技能.spr
*0 
D:\服务器\swrod3\Utility\Run\spr\Ui3\技能\技能－关闭.spr
0 1 *2 
D:\服务器\swrod3\Utility\Run\spr\Ui3\技能\技能－战斗分页.spr
*0 
D:\服务器\swrod3\Utility\Run\spr\Ui3\技能\技能－战斗分页－一页.spr
0 *1 
D:\服务器\swrod3\Utility\Run\spr\Ui3\技能\技能－战斗分页－二页.spr
0 *1 
D:\服务器\swrod3\Utility\Run\spr\Ui3\技能\技能－战斗技能按钮.spr
0 *1 
D:\服务器\swrod3\Utility\Run\spr\Ui3\技能\技能－生活技能按钮.spr
0 *1 
D:\服务器\swrod3\Utility\Run\spr\Ui3\新手指南\新手进入指南－初级玩家.spr
0 *1 
D:\服务器\swrod3\Utility\Run\spr\Ui3\新手指南\新手进入指南－高级玩家.spr
0 *1 
D:\服务器\swrod3\Utility\Run\spr\Ui3\状态与装备\状态加点按钮改.spr
0 1 *2 
D:\服务器\swrod3\Utility\Run\spr\Ui3\状态与装备\装备和属性－物品.spr
0 1 *2 
D:\服务器\swrod3\Utility\Run\spr\Ui3\登入界面\新建角色按钮\登入-新建角色－土.spr
0 *1 
D:\服务器\swrod3\Utility\Run\spr\Ui3\登入界面\新建角色按钮\登入-新建角色－木.spr
0 *1 
D:\服务器\swrod3\Utility\Run\spr\Ui3\登入界面\新建角色按钮\登入-新建角色－水.spr
0 *1 
D:\服务器\swrod3\Utility\Run\spr\Ui3\登入界面\新建角色按钮\登入-新建角色－火.spr
0 *1 
D:\服务器\swrod3\Utility\Run\spr\Ui3\登入界面\界面小动画\叶子飘过.spr
1 2 3 4 5 6 7 8 9 10 11 12 13 14 *15 
D:\服务器\swrod3\Utility\Run\spr\Ui3\登入界面\界面小动画\新登陆招牌.spr
0 1 2 3 4 5 6 7 8 9 10 11 12 13 14 15 16 17 18 *19 
D:\服务器\swrod3\Utility\Run\spr\Ui3\登入界面\界面小动画\新登陆破布01.spr
0 1 2 3 4 5 6 7 8 9 10 11 12 *13 
D:\服务器\swrod3\Utility\Run\spr\Ui3\登入界面\界面小动画\灯笼.spr
0 1 2 3 *4 
D:\服务器\swrod3\Utility\Run\spr\Ui3\登入界面\登入-填账号-锁定按钮\登入-填账号-取消按钮.spr
0 1 *2 
D:\服务器\swrod3\Utility\Run\spr\Ui3\登入界面\登入-填账号-锁定按钮\登入-填账号-确定按钮.spr
0 1 *2 
D:\服务器\swrod3\Utility\Run\spr\Ui3\登入界面\登入-填账号-锁定按钮\登入-填账号-记账号按钮.spr
0 *1 
D:\服务器\swrod3\Utility\Run\spr\Ui3\登入界面\登入-新建角色2.spr
*0 
D:\服务器\swrod3\Utility\Run\spr\Ui3\登入界面\登入-登入-填账号2.spr
*0 
D:\服务器\swrod3\Utility\Run\spr\Ui3\登入界面\登入-登入过程提示-删除角色要密码.spr
*0 
D:\服务器\swrod3\Utility\Run\spr\Ui3\登入界面\登入-登入过程提示.spr
*0 
D:\服务器\swrod3\Utility\Run\spr\Ui3\登入界面\登入-选新手村.spr
*0 
D:\服务器\swrod3\Utility\Run\spr\Ui3\登入界面\登入-选服务器.spr
*0 
D:\服务器\swrod3\Utility\Run\spr\Ui3\登入界面\登入-选服务器－按钮\登入-选服务器－取消2.spr
0 1 *2 
D:\服务器\swrod3\Utility\Run\spr\Ui3\登入界面\登入-选服务器－按钮\登入-选服务器－确定2.spr
0 1 *2 
D:\服务器\swrod3\Utility\Run\spr\Ui3\登入界面\登入开始游戏按钮\登入-开始游戏－制作成员.spr
0 1 *2 
D:\服务器\swrod3\Utility\Run\spr\Ui3\登入界面\登入开始游戏按钮\登入-开始游戏－开始游戏.spr
0 1 *2 
D:\服务器\swrod3\Utility\Run\spr\Ui3\登入界面\登入开始游戏按钮\登入-开始游戏－系统选项.spr
0 1 *2 
D:\服务器\swrod3\Utility\Run\spr\Ui3\登入界面\登入开始游戏按钮\登入-开始游戏－退出游戏.spr
0 1 *2 
D:\服务器\swrod3\Utility\Run\spr\Ui3\登入界面\选存档人物\角色_木_男_0.spr
0 1 2 3 4 5 6 7 8 9 *10 
D:\服务器\swrod3\Utility\Run\spr\Ui3\登入界面\选存档人物\角色_木_男_2.spr
0 1 2 3 4 5 6 7 8 9 *10 
D:\服务器\swrod3\Utility\Run\spr\Ui3\登入界面\选存档人物\角色_金_男_0.spr
0 1 2 3 4 5 6 7 8 9 *10 
D:\服务器\swrod3\Utility\Run\spr\Ui3\登入界面\选存档人物\角色_金_男_2.spr
0 1 2 3 4 5 6 7 8 9 *10 
D:\服务器\swrod3\Utility\Run\spr\Ui3\登入界面\选存档角色按钮\登入-选存档角色－删除.spr
0 1 *2 
D:\服务器\swrod3\Utility\Run\spr\Ui3\登入界面\选存档角色按钮\登入-选存档角色－取消.spr
0 1 *2 
D:\服务器\swrod3\Utility\Run\spr\Ui3\登入界面\选存档角色按钮\登入-选存档角色－新建.spr
0 1 *2 
D:\服务器\swrod3\Utility\Run\spr\Ui3\登入界面\选存档角色按钮\登入-选存档角色－确定.spr
0 1 *2 
D:\服务器\swrod3\Utility\Run\spr\Ui3\系统\系统－帮助.spr
0 1 *2 
D:\服务器\swrod3\Utility\Run\spr\Ui3\系统\系统－返回.spr
0 1 *2 
D:\服务器\swrod3\Utility\Run\spr\Ui3\系统\系统－退出.spr
0 1 *2 
D:\服务器\swrod3\Utility\Run\spr\Ui3\系统\系统－选项.spr
0 1 *2 
D:\服务器\swrod3\Utility\Run\spr\Ui3\系统选项\订阅打勾按钮.spr
0 1 *2 
D:\服务器\swrod3\Utility\Run\spr\Ui3\系统选项\选项3.spr
*0 
D:\服务器\swrod3\Utility\Run\spr\Ui3\系统选项\通用拖动条-横.spr
*0 
D:\服务器\swrod3\Utility\Run\spr\Ui3\组队\关闭.spr
0 1 *2 
D:\服务器\swrod3\Utility\Run\spr\Ui3\组队\刷新列表.spr
0 1 2 *3 
D:\服务器\swrod3\Utility\Run\spr\Ui3\组队\离开队伍.spr
0 1 2 *3 
D:\服务器\swrod3\Utility\Run\spr\Ui3\组队\组队开关.spr
0 1 *2 
D:\服务器\swrod3\Utility\Run\spr\Ui3\组队\踢出队伍.spr
0 1 2 *3 
D:\服务器\swrod3\Utility\Run\spr\Ui3\组队\邀请加入.spr
0 1 2 *3 
D:\服务器\swrod3\Utility\Run\spr\Ui3\组队\队长移交.spr
0 1 2 *3 
D:\服务器\swrod3\Utility\Run\spr\Ui3\聊天条\提示信息窗－上.spr
0 1 *2 
D:\服务器\swrod3\Utility\Run\spr\Ui3\聊天条\提示信息窗－下.spr
0 1 *2 
D:\服务器\swrod3\Utility\Run\spr\Ui3\聊天条\提示信息窗－开关.spr
0 *1 
D:\服务器\swrod3\Utility\Run\spr\Ui3\聊天条\聊天条底部改.spr
*0 
D:\服务器\swrod3\Utility\Run\spr\Ui3\聊天条\聊天条阴影按钮.spr
*0 
D:\服务器\swrod3\Utility\Run\spr\Ui3\聊天条\聊天条顶部改.spr
*0 
D:\服务器\swrod3\Utility\Run\spr\Ui3\表情\01.spr
0 *1 
D:\服务器\swrod3\Utility\Run\spr\Ui3\表情\02.spr
*0 
D:\服务器\swrod3\Utility\Run\spr\Ui3\表情\03.spr
*0 
D:\服务器\swrod3\Utility\Run\spr\Ui3\表情\04.spr
*0 
D:\服务器\swrod3\Utility\Run\spr\Ui3\表情\05.spr
0 *1 
D:\服务器\swrod3\Utility\Run\spr\Ui3\表情\06.spr
0 *1 
D:\服务器\swrod3\Utility\Run\spr\Ui3\表情\07.spr
0 *1 
D:\服务器\swrod3\Utility\Run\spr\Ui3\表情\08.spr
0 *1 
D:\服务器\swrod3\Utility\Run\spr\Ui3\表情\09.spr
0 *1 
D:\服务器\swrod3\Utility\Run\spr\Ui3\表情\10.spr
*0 
D:\服务器\swrod3\Utility\Run\spr\Ui3\表情\11.spr
*0 
D:\服务器\swrod3\Utility\Run\spr\Ui3\表情\12.spr
*0 
D:\服务器\swrod3\Utility\Run\spr\Ui3\表情\13.spr
*0 
D:\服务器\swrod3\Utility\Run\spr\Ui3\表情\14.spr
*0 
D:\服务器\swrod3\Utility\Run\spr\Ui3\表情\15.spr
*0 
D:\服务器\swrod3\Utility\Run\spr\Ui3\表情\16.spr
*0 
D:\服务器\swrod3\Utility\Run\spr\Ui3\表情\17.spr
*0 
D:\服务器\swrod3\Utility\Run\spr\Ui3\表情\18.spr
*0 
D:\服务器\swrod3\Utility\Run\spr\Ui3\表情\19.spr
*0 
D:\服务器\swrod3\Utility\Run\spr\Ui3\表情\20.spr
*0 
D:\服务器\swrod3\Utility\Run\spr\Ui3\表情\21.spr
*0 
D:\服务器\swrod3\Utility\Run\spr\Ui3\表情\22.spr
*0 
D:\服务器\swrod3\Utility\Run\spr\Ui3\表情\23.spr
*0 
D:\服务器\swrod3\Utility\Run\spr\Ui3\表情\24.spr
*0 
D:\服务器\swrod3\Utility\Run\spr\Ui3\表情\25.spr
*0 
D:\服务器\swrod3\Utility\Run\spr\Ui3\表情\26.spr
*0 
D:\服务器\swrod3\Utility\Run\spr\Ui3\表情\27.spr
*0 
D:\服务器\swrod3\Utility\Run\spr\Ui3\表情\28.spr
*0 
D:\服务器\swrod3\Utility\Run\spr\Ui3\表情\29.spr
*0 
D:\服务器\swrod3\Utility\Run\spr\Ui3\表情\30.spr
*0 
D:\服务器\swrod3\Utility\Run\spr\Ui3\表情\31.spr
*0 
D:\服务器\swrod3\Utility\Run\spr\Ui3\表情\32.spr
*0 
D:\服务器\swrod3\Utility\Run\spr\Ui3\表情\33.spr
*0 
D:\服务器\swrod3\Utility\Run\spr\Ui3\表情\34.spr
*0 
D:\服务器\swrod3\Utility\Run\spr\Ui3\表情\35.spr
*0 
D:\服务器\swrod3\Utility\Run\spr\Ui3\表情\36.spr
*0 
D:\服务器\swrod3\Utility\Run\spr\Ui3\表情\37.spr
*0 
D:\服务器\swrod3\Utility\Run\spr\Ui3\表情\38.spr
*0 
D:\服务器\swrod3\Utility\Run\spr\Ui3\表情\39.spr
*0 
D:\服务器\swrod3\Utility\Run\spr\Ui3\表情\40.spr
*0 
D:\服务器\swrod3\Utility\Run\spr\Ui3\表情\41.spr
*0 
D:\服务器\swrod3\Utility\Run\spr\Ui3\表情\42.spr
*0 
D:\服务器\swrod3\Utility\Run\spr\Ui3\表情\43.spr
*0 
D:\服务器\swrod3\Utility\Run\spr\Ui3\表情\44.spr
0 1 2 *3 
D:\服务器\swrod3\Utility\Run\spr\Ui3\表情\45.spr
0 1 2 *3 
D:\服务器\swrod3\Utility\Run\spr\Ui3\表情\46.spr
0 1 2 3 4 5 *6 
D:\服务器\swrod3\Utility\Run\spr\Ui3\表情\47.spr
0 1 2 3 4 *5 
D:\服务器\swrod3\Utility\Run\spr\Ui3\表情\48.spr
0 1 2 3 *4 
D:\服务器\swrod3\Utility\Run\spr\Ui3\表情\49.spr
*0 
D:\服务器\swrod3\Utility\Run\spr\Ui3\表情\50.spr
*0 
D:\服务器\swrod3\Utility\Run\spr\Ui3\表情\51.spr
*0 
D:\服务器\swrod3\Utility\Run\spr\Ui3\表情\52.spr
*0 
D:\服务器\swrod3\Utility\Run\spr\Ui3\表情\53.spr
*0 
D:\服务器\swrod3\Utility\Run\spr\Ui3\表情\54.spr
*0 
D:\服务器\swrod3\Utility\Run\spr\Ui3\表情\55.spr
*0 
D:\服务器\swrod3\Utility\Run\spr\Ui3\表情\56.spr
*0 
D:\服务器\swrod3\Utility\Run\spr\Ui3\表情\57.spr
*0 
D:\服务器\swrod3\Utility\Run\spr\Ui3\表情\58.spr
*0 
D:\服务器\swrod3\Utility\Run\spr\Ui3\道具\道具面板2.spr
*0 
D:\服务器\swrod3\Utility\Run\spr\Ui3\道具\道具－存钱.spr
0 1 *2 
D:\服务器\swrod3\Utility\Run\spr\Ui3\道具\道具－装备.spr
0 1 *2 
D:\服务器\swrod3\Utility\Run\spr\角色_金_男_0.spr
0 1 2 3 4 5 6 7 8 9 *10 
