名称	道具种类	具体类别	详细类别	动画文件名	对应物件索引	宽度	高度	说明文字	五行属性	价格	等级	是否叠放	基础属性1类型	基础属性1最小值	基础属性1最大值	基础属性2类型	基础属性2最小值	基础属性2最大值	基础属性3类型	基础属性3最小值	基础属性3最大值	基础属性4类型	基础属性4最小值	基础属性4最大值	基础属性5类型	基础属性5最小值	基础属性5最大值	基础属性6类型	基础属性6最小值	基础属性6最大值	基础属性7类型	基础属性7最小值	基础属性7最大值	需求属性1类型	需求属性1数值	需求属性2类型	需求属性2数值	需求属性3类型	需求属性3数值	需求属性4类型	需求属性4数值	需求属性5类型	需求属性5数值	需求属性6类型	需求属性6数值
铜项链	0	4	0	\spr\item\equip\nick\obj_neck01.spr	36	2	1	铜质项链，骗小孩的东西。		300	1	0																						36	1	38	1								
银项链	0	4	0	\spr\item\equip\nick\obj_neck02.spr	36	2	1	银质项链，对穷人也是贵重物品了。		1200	2	0																						36	7	38	1								
金项链	0	4	0	\spr\item\equip\nick\obj_neck03.spr	36	2	1	金质项链，富家子弟经常佩戴。		2700	3	0																						36	14	38	1								
白金项链	0	4	0	\spr\item\equip\nick\obj_neck04.spr	36	2	1	白金制作，市面上比较难得的东西。		4800	4	0																						36	20	38	1								
玉珠项链	0	4	0	\spr\item\equip\nick\obj_neck05.spr	36	2	1	由玉石磨制的珠子穿成，价值不菲。		7500	5	0																						36	27	38	1								
绿松石项链	0	4	0	\spr\item\equip\nick\obj_neck06.spr	36	2	1	珍贵的绿松石串成，清心定神。		10800	6	0																						36	34	38	1								
水晶项链	0	4	0	\spr\item\equip\nick\obj-neck07.spr	36	2	1	名贵之物，千金难买。		14700	7	0																						36	40	38	1								
孔雀石项链	0	4	0	\spr\item\equip\nick\obj-neck08.spr	36	2	1	孔雀石连成，暗蕴奇光，十分珍贵。		19200	8	0																						36	47	38	1								
珍珠项链	0	4	0	\spr\item\equip\nick\obj-neck09.spr	36	2	1	许多同样的大珍珠穿成，价值连城。		24300	9	0																						36	54	38	1								
钻石项链	0	4	0	\spr\item\equip\nick\obj-neck10.spr	36	2	1	缀有钻石的金项链，也是海外传来的奇物。		30000	10	0																						36	60	38	1								
绿松石护身符	0	4	1	\spr\item\equip\nick\obj-neck11.spr	36	2	1	质地一般的绿松石制成的护身符，不值几个钱。		300	1	0																						36	1	38	0								
珊瑚护身符	0	4	1	\spr\item\equip\nick\obj-neck12.spr	36	2	1	这种珊瑚不算难得，制成的护身符也普通。		1200	2	0																						36	7	38	0								
猫眼护身符	0	4	1	\spr\item\equip\nick\obj-neck13.spr	36	2	1	虎睛木纹石质地，有一点价值。		2700	3	0																						36	14	38	0								
虎睛护身符	0	4	1	\spr\item\equip\nick\obj-neck14.spr	36	2	1	鹰睛木纹石质地，比较难得。		4800	4	0																						36	20	38	0								
水晶护身符	0	4	1	\spr\item\equip\nick\obj-neck15.spr	36	2	1	水晶质地，价值不低。		7500	5	0																						36	27	38	0								
琥珀护身符	0	4	1	\spr\item\equip\nick\obj-neck16.spr	36	2	1	琥珀制成，有很高的价值。		10800	6	0																						36	34	38	0
白翡翠护身符	0	4	1	\spr\item\equip\nick\obj-neck17.spr	36	2	1	难得的白翡翠制作。		14700	7	0																						36	40	38	0
红翡翠护身符	0	4	1	\spr\item\equip\nick\obj-neck18.spr	36	2	1	珍稀的红翡翠制成。		19200	8	0																						36	47	38	0
紫翡翠护身符	0	4	1	\spr\item\equip\nick\obj-neck19.spr	36	2	1	非常少见的紫翡翠制成。		24300	9	0																						36	54	38	0
绿翡翠护身符	0	4	1	\spr\item\equip\nick\obj-neck20.spr	36	2	1	最为珍贵的绿翡翠琢成，在佛国国师才能佩戴。		30000	10	0																						36	60	38	0
