名称	道具种类	具体类别	详细类别	动画文件名	对应物件索引	宽度	高度	说明文字	五行属性	价格	等级	是否叠放	基础属性1类型	基础属性1最小值	基础属性1最大值	基础属性2类型	基础属性2最小值	基础属性2最大值	基础属性3类型	基础属性3最小值	基础属性3最大值	基础属性4类型	基础属性4最小值	基础属性4最大值	基础属性5类型	基础属性5最小值	基础属性5最大值	基础属性6类型	基础属性6最小值	基础属性6最大值	基础属性7类型	基础属性7最小值	基础属性7最大值	需求属性1类型	需求属性1数值	需求属性2类型	需求属性2数值	需求属性3类型	需求属性3数值	需求属性4类型	需求属性4数值	需求属性5类型	需求属性5数值	需求属性6类型	需求属性6数值
沙弥服	0	2	0	\spr\item\equip\armor\obj-ma-cloth01-1.spr	22	2	3	刚入门的小沙弥穿着的僧衣。		100	1	0	30	50	50	31	15	15																36	1	32	30 					38	0		
僧衣	0	2	0	\spr\item\equip\armor\obj-ma-cloth01-1.spr	22	2	3	僧人们日常穿着的便衣。		400	2	0	30	100	100	31	20	20																36	7	32	50 					38	0		
百衲衣	0	2	0	\spr\item\equip\armor\obj-ma-cloth01-2.spr	22	2	3	我国汉地僧人的主要常服。		800	3	0	30	150	150	31	25	25																36	13	32	70 					38	0		
安陀会	0	2	0	\spr\item\equip\armor\obj-ma-cloth01-3.spr	22	2	3	又名五条衣，僧人的日常和普通场合衣着。		1000	4	0	30	200	200	31	30	30																36	19	32	90 					38	0		
郁多罗僧	0	2	0	\spr\item\equip\armor\obj-ma-cloth02-1.spr	22	2	3	又名七条衣，庄重的僧人上衣。		2000	5	0	30	250	250	31	35	35																36	26	32	110 					38	0		
僧伽梨	0	2	0	\spr\item\equip\armor\obj-ma-cloth02-2.spr	22	2	3	僧人的礼服，庄严的场合才能穿着。		3000	6	0	30	300	300	31	40	40																36	33	32	130 					38	0		
月白袈裟	0	2	0	\spr\item\equip\armor\obj-ma-cloth02-3.spr	22	2	3	又名七条衣，地位高的僧人上衣。		4000	7	0	30	250	250	31	45	45																36	40	32	150 					38	0		
明静袈裟	0	2	0	\spr\item\equip\armor\obj-ma-cloth03-1.spr	22	2	3	得道高僧的日常着服。		5000	8	0	30	400	400	31	50	50																36	46	32	170 					38	0		
金缕袈裟	0	2	0	\spr\item\equip\armor\obj-ma-cloth03-2.spr	22	2	3	佛门珍品，鲜有人穿。		7500	9	0	30	450	450	31	55	55																36	53	32	190 					38	0		
七宝袈裟	0	2	0	\spr\item\equip\armor\obj-ma-cloth03-3.spr	22	2	3	唐三藏取经时获佛祖赠送的佛门至宝。		10000	10	0	30	500	500	31	60	60																36	60	32	210 					38	0		
道士大褂	0	2	1	\spr\item\equip\armor\obj-ma-cloth04-1.spr	24	2	3	小道士平时干活练武时穿着的衣服。		100	1	0	30	30	30	31	15	15																36	1	32	20 					38	0	37	4
道士长袍	0	2	1	\spr\item\equip\armor\obj-ma-cloth04-1.spr	24	2	3	道士的日常着服。		300	2	0	30	60	60	31	20	20																36	7	32	30 					38	0	37	4
净衣	0	2	1	\spr\item\equip\armor\obj-ma-cloth04-2.spr	24	2	3	普通道士做法事穿着的礼服。		600	3	0	30	90	90	31	25	25																36	13	32	40 					38	0	37	4
青松法袍	0	2	1	\spr\item\equip\armor\obj-ma-cloth04-3.spr	24	2	3	有道之士的日常服装。		900	4	0	30	120	120	31	30	30																36	19	32	50 					38	0	37	4
天师道袍	0	2	1	\spr\item\equip\armor\obj-ma-cloth05-1.spr	24	2	3	道行深厚，天师称号者方可穿着的法衣。		1600	5	0	30	150	150	31	35	35																36	26	32	60 					38	0	37	4
玄武法衣	0	2	1	\spr\item\equip\armor\obj-ma-cloth05-2.spr	24	2	3	集玄武之灵气，玄门之宝。		2500	6	0	30	180	180	31	40	40																36	33	32	70 					38	0	37	4
七宝霞衣	0	2	1	\spr\item\equip\armor\obj-ma-cloth05-3.spr	24	2	3	外表平庸无奇，暗含七彩霞光的宝衣。		3500	7	0	30	210	210	31	45	45																36	40	32	80 					38	0	37	4
三清袍	0	2	1	\spr\item\equip\armor\obj-ma-cloth06-1.spr	24	2	3	返朴归真，暗合大道的道袍。		4500	8	0	30	240	240	31	50	50																36	46	32	90 					38	0	37	4
千年鹤氅	0	2	1	\spr\item\equip\armor\obj-ma-cloth06-2.spr	24	2	3	用鹤羽点缀的斗篷，三国后成为智慧的象征。		6000	9	0	30	270	270	31	55	55																36	53	32	100 					38	0	37	4
真武圣衣	0	2	1	\spr\item\equip\armor\obj-ma-cloth06-3.spr	24	2	3	蕴有真武大帝神力的奇异道服。		8000	10	0	30	300	300	31	60	60																36	60	32	110 					38	0	37	4
蓑衣	0	2	2	\spr\item\equip\armor\obj-ma-cloth07-1.spr	22	2	3	低级杀手为了隐藏身份穿的蓑衣。		100	1	0	30	80	80	31	20	20																36	1	32	30 	33	20 			38	0		
细竹蓑衣	0	2	2	\spr\item\equip\armor\obj-ma-cloth07-1.spr	22	2	3	编制精细的蓑衣。		500	2	0	30	135	135	31	25	25																36	7	32	50 	33	30 			38	0		
刺客装	0	2	2	\spr\item\equip\armor\obj-ma-cloth07-2.spr	22	2	3	类似于蓑衣，衣内设有装备暗器的空间。		1000	3	0	30	190	190	31	30	30																36	13	32	70 	33	40 			38	0		
梦迷衣	0	2	2	\spr\item\equip\armor\obj-ma-cloth07-3.spr	22	2	3	以特殊材料制成的蓑衣，活动方便。		2500	4	0	30	245	245	31	35	35																36	19	32	90 	33	50 			38	0		
无色衣	0	2	2	\spr\item\equip\armor\obj-ma-cloth08-1.spr	22	2	3	能让穿着者溶入环境，适合杀手。		6000	5	0	30	300	300	31	40	40																36	26	32	110 	33	60 			38	0		
渔忍装	0	2	2	\spr\item\equip\armor\obj-ma-cloth08-2.spr	22	2	3	高级的刺客服装，柔韧性极好。		10000	6	0	30	355	355	31	45	45																36	33	32	130 	33	70 			38	0		
连云衣	0	2	2	\spr\item\equip\armor\obj-ma-cloth08-3.spr	22	2	3	材质奇特，灵活性与防御力俱佳。		15000	7	0	30	410	410	31	50	50																36	40	32	150 	33	80 			38	0		
天梦衣	0	2	2	\spr\item\equip\armor\obj-ma-cloth09-1.spr	22	2	3	穿着者身形犹如大梦迷离，不可捉摸。		20000	8	0	30	465	465	31	55	55																36	46	32	170 	33	90 			38	0		
无庸劲装	0	2	2	\spr\item\equip\armor\obj-ma-cloth09-2.spr	22	2	3	所有刺客梦寐以求的刺客服，能暗藏大量暗器。		25000	9	0	30	520	520	31	60	60																36	53	32	190 	33	100 			38	0		
千忍秘装	0	2	2	\spr\item\equip\armor\obj-ma-cloth09-3.spr	22	2	3	集聚无边杀气，遇神弑神，遇佛屠佛。		30000	10	0	30	575	575	31	65	65																36	60	32	210 	33	110 			38	0		
粗布长袍	0	2	3	\spr\item\equip\armor\obj-ma-cloth10-1.spr	22	2	3	由粗麻布制成的长袍。		100	1	0	30	50	50	31	20	20																36	1	32	30 	33	30 			38	0		
轻葛衫	0	2	3	\spr\item\equip\armor\obj-ma-cloth10-1.spr	22	2	3	细葛织成，结实耐穿。		400	2	0	30	100	100	31	26	26																36	7	32	45 	33	45 			38	0
缎袍 	0	2	3	\spr\item\equip\armor\obj-ma-cloth10-2.spr	22	2	3	锦缎织就，华美舒适。		800	3	0	30	150	150	31	32	32																36	13	32	60 	33	60 			38	0
逸侠装	0	2	3	\spr\item\equip\armor\obj-ma-cloth10-3.spr	22	2	3	适合剑客的衣服，飘逸潇洒。		2000	4	0	30	200	200	31	38	38																36	19	32	75 	33	75 			38	0
任侠服	0	2	3	\spr\item\equip\armor\obj-ma-cloth11-1.spr	22	2	3	五陵侠少的流行服饰。		5000	5	0	30	250	250	31	44	44																36	26	32	90 	33	90 			38	0
流彩服	0	2	3	\spr\item\equip\armor\obj-ma-cloth11-2.spr	22	2	3	制作精良，流光溢彩，华贵大方。		7000	6	0	30	300	300	31	50	50																36	33	32	105 	33	105 			38	0
银丝袍	0	2	3	\spr\item\equip\armor\obj-ma-cloth11-3.spr	22	2	3	蚕丝中加入银丝织造，有不错的防御力。		9000	7	0	30	350	350	31	56	56																36	40	32	120 	33	120 			38	0
紫金袍	0	2	3	\spr\item\equip\armor\obj-ma-cloth12-1.spr	22	2	3	蚕丝中加入金丝织造，名贵而又能护体。		12000	8	0	30	400	400	31	62	62																36	46	32	135 	33	135 			38	0
寒霜袍	0	2	3	\spr\item\equip\armor\obj-ma-cloth12-2.spr	22	2	3	冰蚕丝与白金丝混织而成，非常名贵。		16000	9	0	30	450	450	31	68	68																36	53	32	150 	33	150 			38	0
绛纱袍	0	2	3	\spr\item\equip\armor\obj-ma-cloth12-3.spr	22	2	3	绛纱制作，帝王御用，妙处难言。		20000	10	0	30	500	500	31	74	74																36	60	32	165 	33	165 			38	0
锁子甲	0	2	4	\spr\item\equip\armor\obj-ma-cloth13-1.spr	23	2	3	军中下级军士装备，防御力一般。		400	1	0	30	90	90	31	30	30																36	1	32	35 					38	0
两裆垲	0	2	4	\spr\item\equip\armor\obj-ma-cloth13-1.spr	23	2	3	由前后两片组成，晋唐时多见。		1000	2	0	30	150	150	31	37	37																36	7	32	60 					38	0
明光铠	0	2	4	\spr\item\equip\armor\obj-ma-cloth13-2.spr	23	2	3	唐朝以前军中武将的常用铠甲。		2500	3	0	30	210	210	31	44	44																36	13	32	85 					38	0
细鳞甲	0	2	4	\spr\item\equip\armor\obj-ma-cloth13-3.spr	23	2	3	由许多钢鳞片编成，不妨碍活动。		5000	4	0	30	270	270	31	51	51																36	19	32	110 					38	0
鸟锤甲	0	2	4	\spr\item\equip\armor\obj-ma-cloth14-1.spr	23	2	3	甲片如鸟身，似纺锤，故而得名。		10000	5	0	30	330	330	31	58	58																36	26	32	135 					38	0
山文字甲	0	2	4	\spr\item\equip\armor\obj-ma-cloth14-2.spr	23	2	3	甲片倒丫，中间凸两边凹，利于防箭。		16000	6	0	30	390	390	31	65	65																36	33	32	160 					38	0
獬豸甲	0	2	4	\spr\item\equip\armor\obj-ma-cloth14-3.spr	23	2	3	比怪兽獬豸的皮更加坚固，故得名。		25000	7	0	30	450	450	31	72	72																36	40	32	185 					38	0
狻猊甲	0	2	4	\spr\item\equip\armor\obj-ma-cloth15-1.spr	23	2	3	名将的爱甲，穿上雄风赛猛狮。		32000	8	0	30	510	510	31	79	79																36	46	32	210 					38	0
锁子黄金甲	0	2	4	\spr\item\equip\armor\obj-ma-cloth15-2.spr	23	2	3	一代名甲，刀矢不近。		40000	9	0	30	570	570	31	86	86																36	53	32	235 					38	0
唐猊甲	0	2	4	\spr\item\equip\armor\obj-ma-cloth15-3.spr	23	2	3	传说中吕温侯的护身宝甲，为极品护甲。		50000	10	0	30	630	630	31	93	93																36	60	32	260 					38	0
烂布衣	0	2	5	\spr\item\equip\armor\obj-ma-cloth16-1.spr	22	2	3	破破烂烂的布衣，只能基本掩体。		100	1	0	30	20	20	31	12	12																36	1	32	0 					38	0
普通丐衣	0	2	5	\spr\item\equip\armor\obj-ma-cloth16-1.spr	22	2	3	一般乞丐穿的衣服，与布衣类似，有很多补丁。		250	2	0	30	90	90	31	16	16																36	7	32	45 			39	6	38	0
叫化衣	0	2	5	\spr\item\equip\armor\obj-ma-cloth16-2.spr	22	2	3	丐帮的普通衣着，最低阶的帮众穿的。		500	3	0	30	140	140	31	20	20																36	13	32	60 			39	6	38	0
土麻丐衣	0	2	5	\spr\item\equip\armor\obj-ma-cloth16-3.spr	22	2	3	丐帮弟子的常服，野树皮制成。		800	4	0	30	185	185	31	24	24																36	19	32	75 			39	6	38	0
荨麻丐衣	0	2	5	\spr\item\equip\armor\obj-ma-cloth17-1.spr	22	2	3	丐帮长老的常服，由精致荨麻编制而成。		1200	5	0	30	230	230	31	28	28																36	26	32	90 			39	6	38	0
火麻丐衣	0	2	5	\spr\item\equip\armor\obj-ma-cloth17-2.spr	22	2	3	丐帮长老的常服，火麻树皮制成，比较坚固。		1800	6	0	30	270	270	31	32	32																36	33	32	105 			39	6	38	0
十方丐衣	0	2	5	\spr\item\equip\armor\obj-ma-cloth17-3.spr	22	2	3	丐帮长老常服。宽而不肥，适于格斗。		2500	7	0	30	315	315	31	36	36																36	40	32	120 			39	6	38	0
百结丐衣	0	2	5	\spr\item\equip\armor\obj-ma-cloth18-1.spr	22	2	3	九袋长老常服，袋结只有九袋长老与帮主可编制		3200	8	0	30	360	360	31	40	40																36	46	32	135 			39	6	38	0
缠丝千结服	0	2	5	\spr\item\equip\armor\obj-ma-cloth18-2.spr	22	2	3	由各种各样奇异丝麻编制的衣服，紧而又有弹性。		4000	9	0	30	405	405	31	44	44																36	53	32	150 			39	6	38	0
万流归宗衣	0	2	5	\spr\item\equip\armor\obj-ma-cloth18-3.spr	22	2	3	丐帮帮主及十袋长老服，武功与地位的象征。		5000	10	0	30	450	450	31	48	48																36	60	32	165 			39	6	38	0
粗布衣	0	2	6	\spr\item\equip\armor\obj-ma-cloth19-1.spr	22	2	3	简陋的粗布衣，不名一文。		100	1	0	30	30	30	31	15	15																36	1	32	0 					38	0
粗布衣	0	2	6	\spr\item\equip\armor\obj-ma-cloth19-1.spr	22	2	3	简陋的粗布衣，不名一文。		100	2	0	30	30	30	31	20	20																36	1	32	0 					38	0
粗布衣	0	2	6	\spr\item\equip\armor\obj-ma-cloth19-1.spr	22	2	3	简陋的粗布衣，不名一文。		100	3	0	30	30	30	31	25	25																36	1	32	0 					38	0
粗布衣	0	2	6	\spr\item\equip\armor\obj-ma-cloth19-1.spr	22	2	3	简陋的粗布衣，不名一文。		100	4	0	30	30	30	31	30	30																36	1	32	0 					38	0
黄锦短衫	0	2	6	\spr\item\equip\armor\obj-ma-cloth20-1.spr	22	2	3	精制的锦衣，便于行动。		6000	5	0	30	150	150	31	35	35																36	26	32	0 					38	0
织甲短衫	0	2	6	\spr\item\equip\armor\obj-ma-cloth20-2.spr	22	2	3	镶有甲片的短衣，稍嫌累赘。		10000	6	0	30	180	180	31	40	40																36	33	32	0 					38	0
玄黄短甲	0	2	6	\spr\item\equip\armor\obj-ma-cloth20-3.spr	22	2	3	密镶赤铜甲片，几乎有铠甲的防御力。		15000	7	0	30	210	210	31	45	45																36	40	32	0 					38	0
碧华袍	0	2	6	\spr\item\equip\armor\obj-ma-cloth21-1.spr	22	2	3	碧蚕丝织，轻密柔韧。		20000	8	0	30	240	240	31	50	50																36	46	32	0 					38	0
相如袍	0	2	6	\spr\item\equip\armor\obj-ma-cloth21-2.spr	22	2	3	此袍让人有一种胸怀天下的气度。		25000	9	0	30	270	270	31	55	55																36	53	32	0 					38	0
璇龙袍	0	2	6	\spr\item\equip\armor\obj-ma-cloth21-3.spr	22	2	3	花费了百名工匠十年之功制成的奇物。		30000	10	0	30	300	300	31	60	60																36	60	32	0 					38	0
沙尼服	0	2	7	\spr\item\equip\armor\obj-fm-cloth01-1.spr	22	2	3	刚入门的小沙弥穿着的僧衣。		100	1	0	30	50	50	31	15	15																36	1	32	15 					38	1
僧衣（女）	0	2	7	\spr\item\equip\armor\obj-fm-cloth01-1.spr	22	2	3	僧人们日常穿着的便衣。		400	2	0	30	100	100	31	20	20																36	7	32	30 					38	1
百衲衣（女）	0	2	7	\spr\item\equip\armor\obj-fm-cloth01-2.spr	22	2	3	我国汉地僧人的主要常服。		800	3	0	30	150	150	31	25	25																36	13	32	45 					38	1
安陀会（女）	0	2	7	\spr\item\equip\armor\obj-fm-cloth01-3.spr	22	2	3	又名五条衣，僧人的日常和普通场合衣着。		1000	4	0	30	200	200	31	30	30																36	19	32	60 					38	1
郁多罗僧（女）	0	2	7	\spr\item\equip\armor\obj-fm-cloth02-1.spr	22	2	3	又名七条衣，庄重的僧人上衣。		2000	5	0	30	250	250	31	35	35																36	26	32	75 					38	1
僧伽梨（女）	0	2	7	\spr\item\equip\armor\obj-fm-cloth02-2.spr	22	2	3	僧人的礼服，庄严的场合才能穿着。		3000	6	0	30	300	300	31	40	40																36	33	32	90 					38	1
月白袈裟（女）	0	2	7	\spr\item\equip\armor\obj-fm-cloth02-3.spr	22	2	3	又名七条衣，地位高的僧人上衣。		4000	7	0	30	350	350	31	45	45																36	40	32	105 					38	1
明静袈裟（女）	0	2	7	\spr\item\equip\armor\obj-fm-cloth03-1.spr	22	2	3	得道高僧的日常着服。		5000	8	0	30	400	400	31	50	50																36	46	32	120 					38	1
金缕袈裟（女）	0	2	7	\spr\item\equip\armor\obj-fm-cloth03-2.spr	22	2	3	佛门珍品，鲜有人穿。		7500	9	0	30	450	450	31	55	55																36	53	32	135 					38	1
七宝袈裟（女）	0	2	7	\spr\item\equip\armor\obj-fm-cloth03-3.spr	22	2	3	唐三藏取经时获佛祖赠送的佛门至宝。		10000	10	0	30	500	500	31	60	60																36	60	32	150 					38	1		
女式道衣	0	2	8	\spr\item\equip\armor\obj-fm-cloth04-1.spr	24	2	3	女修道士的普通衣着。		100	1	0	30	30	30	31	15	15																36	1	32	20 					38	1	37	4
修真道衣	0	2	8	\spr\item\equip\armor\obj-fm-cloth04-1.spr	24	2	3	做工比较考究的女性道服。		300	2	0	30	60	60	31	20	20																36	7	32	30 					38	1	37	4
火烷道衣	0	2	8	\spr\item\equip\armor\obj-fm-cloth04-2.spr	24	2	3	火烷布质的高级道衣。		600	3	0	30	90	90	31	25	25																36	13	32	40 					38	1	37	4
碧霞道衣	0	2	8	\spr\item\equip\armor\obj-fm-cloth04-3.spr	24	2	3	色泽青翠，虽为道装也不失灵动。		900	4	0	30	120	120	31	30	30																36	19	32	50 					38	1	37	4
八卦道衣	0	2	8	\spr\item\equip\armor\obj-fm-cloth05-1.spr	24	2	3	有道之士的日常服装。		1600	5	0	30	150	150	31	35	35																36	26	32	60 					38	1	37	4
寒梅道衣	0	2	8	\spr\item\equip\armor\obj-fm-cloth05-2.spr	24	2	3	女性修真的绝佳衣着，似有寒梅的冷冽。		2500	6	0	30	180	180	31	40	40																36	33	32	70 					38	1	37	4
无极道衣	0	2	8	\spr\item\equip\armor\obj-fm-cloth05-3.spr	24	2	3	大成无用，大道无极。		3500	7	0	30	210	210	31	45	45																36	40	32	80 					38	1	37	4
地缘道衣	0	2	8	\spr\item\equip\armor\obj-fm-cloth06-1.spr	24	2	3	钟坤阴灵气的宝衣。		4500	8	0	30	240	240	31	50	50																36	46	32	90 					38	1	37	4
冰蚕道衣	0	2	8	\spr\item\equip\armor\obj-fm-cloth06-2.spr	24	2	3	冰蚕丝织，穿上仙风道骨，气韵超凡。		6000	9	0	30	270	270	31	55	55																36	53	32	100 					38	1	37	4
龙绡道衣	0	2	8	\spr\item\equip\armor\obj-fm-cloth06-3.spr	24	2	3	龙绡纱织成的道衣，异常轻薄，奇珍异宝。		8000	10	0	30	300	300	31	60	60																36	60	32	110 					38	1	37	4
蜀锦衣	0	2	9	\spr\item\equip\armor\obj-fm-cloth07-1.spr	24	2	3	采用四川绸缎制作的衣服，结实耐穿。		100	1	0	30	80	80	31	20	20																36	1	32	30 	33	20 			38	1		
绫丝衣	0	2	9	\spr\item\equip\armor\obj-fm-cloth07-1.spr	24	2	3	精丝细织的上等女装。		500	2	0	30	135	135	31	26	26																36	7	32	50 	33	25 			38	1		
锦仲衣	0	2	9	\spr\item\equip\armor\obj-fm-cloth07-2.spr	24	2	3	名贵锦缎制作的高贵女装。		1000	3	0	30	190	190	31	32	32																36	13	32	70 	33	30 			38	1		
灵蛇装	0	2	9	\spr\item\equip\armor\obj-fm-cloth07-3.spr	24	2	3	如蛇皮般贴身，行动灵活具有魅力。		2500	4	0	30	245	245	31	38	38																36	19	32	90 	33	35 			38	1		
玄狸裘	0	2	9	\spr\item\equip\armor\obj-fm-cloth08-1.spr	24	2	3	黑色水狸皮制的女装。		6000	5	0	30	300	300	31	44	44																36	26	32	110 	33	40 			38	1		
黑貂裘	0	2	9	\spr\item\equip\armor\obj-fm-cloth08-2.spr	24	2	3	黑貂皮制作的皮衣，光滑柔软，富贵堂皇。		10000	6	0	30	355	355	31	50	50																36	33	32	130 	33	45 			38	1
虎皮裘	0	2	9	\spr\item\equip\armor\obj-fm-cloth08-3.spr	24	2	3	虎皮质地，充满力量感，极其难得。		15000	7	0	30	410	410	31	56	56																36	40	32	150 	33	50 			38	1
韵霓裳	0	2	9	\spr\item\equip\armor\obj-fm-cloth09-1.spr	24	2	3	一步七摇，虹霓光彩动人心魄。		20000	8	0	30	465	465	31	62	62																36	46	32	170 	33	55 			38	1
迷魂裳	0	2	9	\spr\item\equip\armor\obj-fm-cloth09-2.spr	24	2	3	勾魂荡魄，具有妖异的魅力。		25000	9	0	30	520	520	31	68	68																36	53	32	190 	33	60 			38	1
九尾白狐裘	0	2	9	\spr\item\equip\armor\obj-fm-cloth09-3.spr	24	2	3	成精的九尾白狐皮制，可得其媚惑能力。		30000	10	0	30	575	575	31	74	74																36	60	32	210 	33	65 			38	1
锦衫	0	2	10	\spr\item\equip\armor\obj-fm-cloth10-1.spr	24	2	3	普通布料制成的衣服。		100	1	0	30	50	50	31	20	20																36	1	32	30	33	30			38	1
绮丽衫	0	2	10	\spr\item\equip\armor\obj-fm-cloth10-1.spr	24	2	3	色彩鲜艳漂亮的衣服。		400	2	0	30	100	100	31	26	26																36	7	32	45	33	45			38	1
花纱衫	0	2	10	\spr\item\equip\armor\obj-fm-cloth10-2.spr	24	2	3	用绣有花边的薄纱做成的衣服。		800	3	0	30	150	150	31	32	32																36	13	32	60	33	60			38	1
蜀锦衫	0	2	10	\spr\item\equip\armor\obj-fm-cloth10-3.spr	24	2	3	用蜀地的特产布料制成的衣服。		2000	4	0	30	200	200	31	38	38																36	19	32	75	33	75			38	1
宋锦衫	0	2	10	\spr\item\equip\armor\obj-fm-cloth11-1.spr	24	2	3	用苏州的名产布料制成的衣服。		5000	5	0	30	250	250	31	44	44																36	26	32	90	33	90			38	1
云锦衫	0	2	10	\spr\item\equip\armor\obj-fm-cloth11-2.spr	24	2	3	用金陵产的高级布料制成的衣服。		7000	6	0	30	300	300	31	50	50																36	33	32	105	33	105			38	1
青罗衫	0	2	10	\spr\item\equip\armor\obj-fm-cloth11-3.spr	24	2	3	衣服外面包裹着青色的护甲，防御力很不错。		9000	7	0	30	250	250	31	56	56																36	40	32	120	33	120			38	1
漆纱衫	0	2	10	\spr\item\equip\armor\obj-fm-cloth12-1.spr	24	2	3	用上等的漆料涂抹于衣服外部，具有很好的防御力。		12000	8	0	30	400	400	31	62	62																36	46	32	135	33	135			38	1
绫罗衫	0	2	10	\spr\item\equip\armor\obj-fm-cloth12-2.spr	24	2	3	用名贵的布料和饰物制成的衣服，华丽异常。		16000	9	0	30	450	450	31	68	68																36	53	32	150	33	150			38	1
沉香衫	0	2	10	\spr\item\equip\armor\obj-fm-cloth12-3.spr	24	2	3	衣服上带有沉香的味道，仿若仙界之物。		20000	10	0	30	500	500	31	74	74																36	60	32	165	33	165			38	1
镶铁女甲	0	2	11	\spr\item\equip\armor\obj-fm-cloth13-1.spr	25	2	3	普通女性用铠甲。		400	1	0	30	90	90	31	30	30																36	1	32	35 					38	1
青铜女甲	0	2	11	\spr\item\equip\armor\obj-fm-cloth13-1.spr	25	2	3	精铜打造的女性铠甲，有不错的防御力。		1000	2	0	30	150	150	31	37	37																36	7	32	60 					38	1
白茸甲	0	2	11	\spr\item\equip\armor\obj-fm-cloth13-2.spr	25	2	3	常见的女将铠甲。		2500	3	0	30	210	210	31	44	44																36	13	32	85 					38	1
蓝燕钢甲	0	2	11	\spr\item\equip\armor\obj-fm-cloth13-3.spr	25	2	3	精钢加入特殊金属打造，比普通钢甲轻巧。		5000	4	0	30	270	270	31	51	51																36	19	32	110 					38	1
红茸甲	0	2	11	\spr\item\equip\armor\obj-fm-cloth14-1.spr	25	2	3	高级女将用甲。		10000	5	0	30	330	330	31	58	58																36	26	32	135 					38	1
赤雁甲	0	2	11	\spr\item\equip\armor\obj-fm-cloth14-2.spr	25	2	3	红色的雁翎甲，女性专用。		16000	6	0	30	390	390	31	65	65																36	33	32	160 					38	1
血铜甲	0	2	11	\spr\item\equip\armor\obj-fm-cloth14-3.spr	25	2	3	血铜密制，赤色眩目。		25000	7	0	30	450	450	31	72	72																36	40	32	185 					38	1
烂银甲	0	2	11	\spr\item\equip\armor\obj-fm-cloth15-1.spr	25	2	3	烂银打造，轻便牢固。		32000	8	0	30	510	510	31	79	79																36	46	32	210 					38	1
玄铁雪银甲	0	2	11	\spr\item\equip\armor\obj-fm-cloth15-2.spr	25	2	3	银中加入玄铁打造，多为高级女将领使用。		40000	9	0	30	570	570	31	86	86																36	53	32	235 					38	1
霹雳金凤甲	0	2	11	\spr\item\equip\armor\obj-fm-cloth15-3.spr	25	2	3	穆桂英的护甲，传说是圣母所赠。		50000	10	0	30	630	630	31	93	93																36	60	32	260 					38	1
破麻衣	0	2	12	\spr\item\equip\armor\obj-fm-cloth16-1.spr	24	2	3	破破烂烂的麻布拼凑成的衣服。		100	1	0	30	20	20	31	12	12																36	1	32	0					38	1
破棉衣	0	2	12	\spr\item\equip\armor\obj-fm-cloth16-1.spr	24	2	3	破破烂烂棉布做成的衣服。		250	2	0	30	90	90	31	16	16																36	7	32	45			39	6	38	1
破蓑衣	0	2	12	\spr\item\equip\armor\obj-fm-cloth16-2.spr	24	2	3	只不过在破棉衣外面罩了一件破烂蓑衣。		500	3	0	30	140	140	31	20	20																36	13	32	60			39	6	38	1
白补衣	0	2	12	\spr\item\equip\armor\obj-fm-cloth16-3.spr	24	2	3	补过多次的旧衣服。		800	4	0	30	185	185	31	24	24																36	19	32	75			39	6	38	1
千补衣	0	2	12	\spr\item\equip\armor\obj-fm-cloth17-1.spr	24	2	3	各种不同布块补成的衣服，很厚实。		1200	5	0	30	230	230	31	28	28																36	26	32	90			39	6	38	1
羊皮甲	0	2	12	\spr\item\equip\armor\obj-fm-cloth17-2.spr	24	2	3	用破羊皮和麻布共同做成的衣服，防御力不错。		1800	6	0	30	270	270	31	32	32																36	33	32	105			39	6	38	1
牛皮甲	0	2	12	\spr\item\equip\armor\obj-fm-cloth17-3.spr	24	2	3	用牛皮片和厚布织成的衣服，防御力强。		2500	7	0	30	315	315	31	36	36																36	40	32	120			39	6	38	1
紫鼠衣	0	2	12	\spr\item\equip\armor\obj-fm-cloth18-1.spr	24	2	3	用奇异的紫色老鼠的皮做成的衣服，质薄而防御力强。		3200	8	0	30	360	360	31	40	40																36	46	32	135			39	6	38	1
灰貂衣	0	2	12	\spr\item\equip\armor\obj-fm-cloth18-2.spr	24	2	3	野貂皮制成的衣服，看起来很破旧，防御力非常强。		4000	9	0	30	405	405	31	44	44																36	53	32	150			39	6	38	1
万众齐心衣	0	2	12	\spr\item\equip\armor\obj-fm-cloth18-3.spr	24	2	3	丐帮的精神唯团结第一，众志成城，无所不能。		5000	10	0	30	450	450	31	48	48																36	60	32	165			39	6	38	1
百迭裙	0	2	13	\spr\item\equip\armor\obj-fm-cloth19-1.spr	24	2	3	妇女最平常的衣物。		100	1	0	30	40	40	31	20	20																36	1	32	0 	33	20 			38	1
青罗裙	0	2	13	\spr\item\equip\armor\obj-fm-cloth19-1.spr	24	2	3	纯纱织成的衣裙。		100	2	0	30	80	80	31	25	25																36	7	32	0 	33	30 			38	1
织锦石榴裙	0	2	13	\spr\item\equip\armor\obj-fm-cloth19-1.spr	24	2	3	绣花锦裙，价值不菲。		100	3	0	30	120	120	31	30	30																36	13	32	0 	33	40 			38	1
双蝶绣罗裙	0	2	13	\spr\item\equip\armor\obj-fm-cloth19-1.spr	24	2	3	锦绣重裙，富贵奢华。		100	4	0	30	160	160	31	35	35																36	19	32	0 	33	50 			38	1
百鸟裙	0	2	13	\spr\item\equip\armor\obj-fm-cloth20-1.spr	24	2	3	百鸟翎毛为饰，十分难得。		6000	5	0	30	200	200	31	40	40																36	26	32	0 	33	60 			38	1
月华裙	0	2	13	\spr\item\equip\armor\obj-fm-cloth20-2.spr	24	2	3	月下可映出光晕的神奇长裙。		10000	6	0	30	240	240	31	45	45																36	33	32	0 	33	70 			38	1
凤尾裙	0	2	13	\spr\item\equip\armor\obj-fm-cloth20-3.spr	24	2	3	孔雀翎织成，眩人眼目故能保护自己。		15000	7	0	30	280	280	31	50	50																36	40	32	0 	33	80 			38	1
琼玉裙	0	2	13	\spr\item\equip\armor\obj-fm-cloth21-1.spr	24	2	3	缀有千颗碎玉的珍贵女装。		20000	8	0	30	320	320	31	55	55																36	46	32	0 	33	90 			38	1
百凤朝阳裙	0	2	13	\spr\item\equip\armor\obj-fm-cloth21-2.spr	24	2	3	阳光下奇彩流霞，仿如百凤朝阳。		25000	9	0	30	360	360	31	60	60																36	53	32	0 	33	100 			38	1
留仙裙	0	2	13	\spr\item\equip\armor\obj-fm-cloth21-3.spr	24	2	3	传说是汉朝赵飞燕亲手所制，穿上飘飘欲仙。		30000	10	0	30	400	400	31	65	65																36	60	32	0 	33	110 			38	1
