名称	道具种类	具体类别	详细类别	动画文件名	对应物件索引	宽度	高度	说明文字	五行属性	价格	等级	是否叠放	基础属性1类型	基础属性1最小值	基础属性1最大值	基础属性2类型	基础属性2最小值	基础属性2最大值	基础属性3类型	基础属性3最小值	基础属性3最大值	基础属性4类型	基础属性4最小值	基础属性4最大值	基础属性5类型	基础属性5最小值	基础属性5最大值	基础属性6类型	基础属性6最小值	基础属性6最大值	基础属性7类型	基础属性7最小值	基础属性7最大值	需求属性1类型	需求属性1数值	需求属性2类型	需求属性2数值	需求属性3类型	需求属性3数值	需求属性4类型	需求属性4数值	需求属性5类型	需求属性5数值	需求属性6类型	需求属性6数值
牛皮腰带	0	6	0	\spr\item\equip\sash\obj-sash01.spr	32	2	1	普通的牛皮腰带。		50	1	0	30	7 	7 	31	15	15																36	1	32	20 	33	0						
狼皮腰带	0	6	0	\spr\item\equip\sash\obj-sash02.spr	32	2	1	豺狼皮制，柔软耐磨。		300	2	0	30	12 	12 	31	15	15																36	8	32	29 	33	0						
乌藤腰带	0	6	0	\spr\item\equip\sash\obj-sash03.spr	32	2	1	百年乌藤编成，坚韧轻巧。		800	3	0	30	18 	18 	31	15	15																36	14	32	39 	33	0						
蟒皮腰带	0	6	0	\spr\item\equip\sash\obj-sash04.spr	32	2	1	巨蟒皮制，韧性强度均佳。		1800	4	0	30	24 	24 	31	15	15																36	20	32	49 	33	0						
鳄皮腰带	0	6	0	\spr\item\equip\sash\obj-sash05.spr	32	2	1	鳄皮制作，表面粗糙但防御力很好。		3000	5	0	30	30 	30 	31	15	15																36	27	32	59 	33	0						
象皮腰带	0	6	0	\spr\item\equip\sash\obj-sash06.spr	32	2	1	由象皮制成，宽厚强韧。		4500	6	0	30	36 	36 	31	15	15																36	33	32	69 	33	0						
鲨皮腰带	0	6	0	\spr\item\equip\sash\obj-sash07.spr	32	2	1	白鲨皮制，矢箭难伤。		5400	7	0	30	42 	42 	31	15	15																36	40	32	79 	33	0						
犀角腰带	0	6	0	\spr\item\equip\sash\obj-sash08.spr	32	2	1	雷犀皮制，不畏普通刀剑。		7000	8	0	30	48 	48 	31	15	15																36	47	32	89 	33	0						
龙鳞腰带	0	6	0	\spr\item\equip\sash\obj-sash09.spr	32	2	1	鼋龙皮制，完善的保护腰部。		9500	9	0	30	54 	54 	31	15	15																36	54	32	99 	33	0						
天蚕腰带	0	6	0	\spr\item\equip\sash\obj-sash10.spr	32	2	1	天蚕丝织，刀枪不进，水火不侵。		12000	10	0	30	60 	60 	31	15	15																36	60	32	109 	33	0						
青铜腰带	0	6	1	\spr\item\equip\sash\obj-sash11.spr	33	2	1	沉重的青铜腰带。		330	1	0	30	17 	17 	31	15	15																36	1	32	30 	33	0						
锡腰带	0	6	1	\spr\item\equip\sash\obj-sash12.spr	33	2	1	锡质腰带，质地柔软。		900	2	0	30	28 	28 	31	15	15																36	8	32	44 	33	0						
黄铜腰带	0	6	1	\spr\item\equip\sash\obj-sash13.spr	33	2	1	黄铜打制，有一定的强度。		2400	3	0	30	42 	42 	31	15	15																36	14	32	59 	33	0						
铁腰带	0	6	1	\spr\item\equip\sash\obj-sash14.spr	33	2	1	镔铁打制，坚硬耐磨。		3700	4	0	30	56 	56 	31	15	15																36	20	32	74 	33	0						
精钢腰带	0	6	1	\spr\item\equip\sash\obj-sash15.spr	33	2	1	精钢打造，虽然强度很高但过于累赘。		5400	5	0	30	70 	70 	31	15	15																36	27	32	89 	33	0						
银腰带	0	6	1	\spr\item\equip\sash\obj-sash16.spr	33	2	1	白银打制，韧性和强度都不错。		7400	6	0	30	84 	84 	31	15	15																36	33	32	104 	33	0
秘银腰带	0	6	1	\spr\item\equip\sash\obj-sash17.spr	33	2	1	在银中加入白金冶炼得到，防御效果比银好。		9800	7	0	30	98 	98 	31	15	15																36	40	32	119 	33	0
金腰带	0	6	1	\spr\item\equip\sash\obj-sash18.spr	33	2	1	黄金腰带，不仅美观而且防御力很好。		14000	8	0	30	112 	112 	31	15	15																36	47	32	134 	33	0
乌金腰带	0	6	1	\spr\item\equip\sash\obj-sash19.spr	33	2	1	稀有的乌金制作，韧性超强。		17000	9	0	30	126 	126 	31	15	15																36	54	32	149 	33	0
白金腰带	0	6	1	\spr\item\equip\sash\obj-sash20.spr	33	2	1	极为珍稀的白金打制，防御力超过其他金属。		20000	10	0	30	140 	140 	31	15	15																36	60	32	164 	33	0
