名称	道具种类	具体类别	详细类别	动画文件名	对应物件索引	宽度	高度	说明文字	五行属性	价格	等级	是否叠放	基础属性1类型	基础属性1最小值	基础属性1最大值	基础属性2类型	基础属性2最小值	基础属性2最大值	基础属性3类型	基础属性3最小值	基础属性3最大值	基础属性4类型	基础属性4最小值	基础属性4最大值	基础属性5类型	基础属性5最小值	基础属性5最大值	基础属性6类型	基础属性6最小值	基础属性6最大值	基础属性7类型	基础属性7最小值	基础属性7最大值	需求属性1类型	需求属性1数值	需求属性2类型	需求属性2数值	需求属性3类型	需求属性3数值	需求属性4类型	需求属性4数值	需求属性5类型	需求属性5数值	需求属性6类型	需求属性6数值
草鞋	0 	5 	0 	\spr\item\equip\boots\obj-shoes01.spr	26 	2 	2 	普通的草鞋，制作粗糙。		70 	1 	0 	30 	7 	7 	31 	20 	20 																36 	1 	32 	20 	33 	0 			38 	0 		
布鞋	0 	5 	0 	\spr\item\equip\boots\obj-shoes01.spr	26 	2 	2 	粗布编制的鞋子，在民间使用率极广。		260 	2 	0 	30 	12 	12 	31 	20 	20 																36 	8 	32 	29 	33 	0 			38 	0 		
千层布鞋	0 	5 	0 	\spr\item\equip\boots\obj-shoes02.spr	26 	2 	2 	很厚的布鞋，灰白色。		650 	3 	0 	30 	18 	18 	31 	20 	20 																36 	14 	32 	39 	33 	0 			38 	0 		
葛鞋	0 	5 	0 	\spr\item\equip\boots\obj-shoes02.spr	26 	2 	2 	用精致葛藤编制的鞋。		1000 	4 	0 	30 	24 	24 	31 	20 	20 																36 	20 	32 	49 	33 	0 			38 	0 		
苍葛鞋	0 	5 	0 	\spr\item\equip\boots\obj-shoes03.spr	26 	2 	2 	用老葛藤编制的鞋，韧性很强。		1600 	5 	0 	30 	30 	30 	31 	20 	20 																36 	27 	32 	59 	33 	0 			38 	0 		
百年苍葛鞋	0 	5 	0 	\spr\item\equip\boots\obj-shoes03.spr	26 	2 	2 	云南地区使用极广的草鞋。		2500 	6 	0 	30 	36 	36 	31 	20 	20 																36 	33 	32 	69 	33 	0 			38 	0 		
雉尾棕鞋	0 	5 	0 	\spr\item\equip\boots\obj-shoes04.spr	26 	2 	2 	用百年历史的极品葛藤编制的鞋。		3300 	7 	0 	30 	42 	42 	31 	20 	20 																36 	40 	32 	79 	33 	0 			38 	0 		
瑶鞋	0 	5 	0 	\spr\item\equip\boots\obj-shoes04.spr	26 	2 	2 	用雉鸡毛加精藤编制的鞋。		3850 	8 	0 	30 	48 	48 	31 	20 	20 																36 	47 	32 	89 	33 	0 			38 	0 		
凤尾棕鞋	0 	5 	0 	\spr\item\equip\boots\obj-shoes05.spr	26 	2 	2 	南方一种稀有的凤尾棕纤维编织的鞋子。		5000 	9 	0 	30 	54 	54 	31 	20 	20 																36 	54 	32 	99 	33 	0 			38 	0 		
九节菖蒲鞋	0 	5 	0 	\spr\item\equip\boots\obj-shoes05.spr	26 	2 	2 	用屈原故乡特有的九节菖蒲草编成，轻便结实。		6400 	10 	0 	30 	60 	60 	31 	20 	20 																36 	60 	32 	109 	33 	0 			38 	0 		
牛皮靴	0 	5 	1 	\spr\item\equip\boots\obj-shoes06.spr	26 	2 	2 	普通的黄牛皮制作的靴子。		150 	1 	0 	30 	17 	17 	31 	20 	20 																36 	3 	32 	30 	33 	0 			38 	0 		
蒺靴	0 	5 	1 	\spr\item\equip\boots\obj-shoes06.spr	26 	2 	2 	使用特殊植物编制的鞋。		600 	2 	0 	30 	28 	28 	31 	20 	20 																36 	10 	32 	44 	33 	0 			38 	0 		
乌皮靴	0 	5 	1 	\spr\item\equip\boots\obj-shoes07.spr	26 	2 	2 	经过精工染制的皮靴。		1400 	3 	0 	30 	42 	42 	31 	20 	20 																36 	16 	32 	59 	33 	0 			38 	0 		
藤萝靴	0 	5 	1 	\spr\item\equip\boots\obj-shoes07.spr	26 	2 	2 	使用上等藤萝编制的鞋。		2400 	4 	0 	30 	56 	56 	31 	20 	20 																36 	22 	32 	74 	33 	0 			38 	0 		
绯罗靴	0 	5 	1 	\spr\item\equip\boots\obj-shoes08.spr	26 	2 	2 	用丝绸与藤萝编制的鞋。		3600 	5 	0 	30 	70 	70 	31 	20 	20 																36 	29 	32 	89 	33 	0 			38 	0 		
绿翠靴	0 	5 	1 	\spr\item\equip\boots\obj-shoes08.spr	26 	2 	2 	纯竹编制的鞋。		5000 	6 	0 	30 	84 	84 	31 	20 	20 																36 	35 	32 	104 	33 	0 			38 	0 
虎皮靴	0 	5 	1 	\spr\item\equip\boots\obj-shoes09.spr	26 	2 	2 	难得的白虎皮制作的靴子。		6500 	7 	0 	30 	98 	98 	31 	20 	20 																36 	42 	32 	119 	33 	0 			38 	0 
犀皮靴	0 	5 	1 	\spr\item\equip\boots\obj-shoes09.spr	26 	2 	2 	用上等锦缎制帮，犀牛皮制底的高级靴子。		9000 	8 	0 	30 	112 	112 	31 	20 	20 																36 	49 	32 	134 	33 	0 			38 	0 
龙麟靴	0 	5 	1 	\spr\item\equip\boots\obj-shoes10.spr	26 	2 	2 	虽然叫做龙麟靴，但实际上是鼋龙-鳄鱼的皮制成的。		12000 	9 	0 	30 	126 	126 	31 	20 	20 																36 	56 	32 	149 	33 	0 			38 	0 
天蚕靴	0 	5 	1 	\spr\item\equip\boots\obj-shoes10.spr	26 	2 	2 	使用上等蚕丝编制而成的靴子，柔韧性极好。		14500 	10 	0 	30 	140 	140 	31 	20 	20 																36 	62 	32 	164 	33 	0 			38 	0 
绣鞋	0 	5 	2 	\spr\item\equip\boots\obj-shoes11.spr	27 	2 	2 	普通的鞋子，便宜而常见。		70 	1 	0 	30 	7 	7 	31 	20 	20 																36 	1 	32 	20 	33 	0 			38 	1 
绫丝靴	0 	5 	2 	\spr\item\equip\boots\obj-shoes11.spr	27 	2 	2 	上等丝绸制成的鞋子。		260 	2 	0 	30 	12 	12 	31 	20 	20 																36 	8 	32 	29 	33 	0 			38 	1 
锦鞋	0 	5 	2 	\spr\item\equip\boots\obj-shoes12.spr	27 	2 	2 	用蜀锦制成的女鞋。		650 	3 	0 	30 	18 	18 	31 	20 	20 																36 	14 	32 	39 	33 	0 			38 	1 
鸳鸯靴	0 	5 	2 	\spr\item\equip\boots\obj-shoes12.spr	27 	2 	2 	绘有鸳鸯图案的鞋子。		1000 	4 	0 	30 	24 	24 	31 	20 	20 																36 	20 	32 	49 	33 	0 			38 	1 
缎鞋	0 	5 	2 	\spr\item\equip\boots\obj-shoes13.spr	27 	2 	2 	由著名的苏缎制成，柔软舒适。		1600 	5 	0 	30 	30 	30 	31 	20 	20 																36 	27 	32 	59 	33 	0 			38 	1 
蓝玉鞋	0 	5 	2 	\spr\item\equip\boots\obj-shoes13.spr	27 	2 	2 	嵌有蓝玉的缎制鞋，白色加蓝色玉石。		2500 	6 	0 	30 	36 	36 	31 	20 	20 																36 	33 	32 	69 	33 	0 			38 	1 
连凤靴	0 	5 	2 	\spr\item\equip\boots\obj-shoes14.spr	27 	2 	2 	绣有双凤图案的女鞋。		3300 	7 	0 	30 	42 	42 	31 	20 	20 																36 	40 	32 	79 	33 	0 			38 	1 
梵红靴	0 	5 	2 	\spr\item\equip\boots\obj-shoes14.spr	27 	2 	2 	绣有佛印的鞋子，红色加佛印图案。		3850 	8 	0 	30 	48 	48 	31 	20 	20 																36 	47 	32 	89 	33 	0 			38 	1 
白绸靴	0 	5 	2 	\spr\item\equip\boots\obj-shoes15.spr	27 	2 	2 	白色蚕丝加丝绸编制的鞋子。		5000 	9 	0 	30 	54 	54 	31 	20 	20 																36 	54 	32 	99 	33 	0 			38 	1 
金缕鞋	0 	5 	2 	\spr\item\equip\boots\obj-shoes15.spr	27 	2 	2 	用金丝加上天蚕丝织成的鞋子。		6400 	10 	0 	30 	60 	60 	31 	20 	20 																36 	60 	32 	109 	33 	0 			38 	1 
鹿皮靴	0 	5 	3 	\spr\item\equip\boots\obj-shoes16.spr	27 	2 	2 	白鹿皮制成的靴子。		150 	1 	0 	30 	17 	17 	31 	20 	20 																36 	3 	32 	30 	33 	0 			38 	1 
芰鞋	0 	5 	3 	\spr\item\equip\boots\obj-shoes16.spr	27 	2 	2 	上等特殊植物编制而成。		600 	2 	0 	30 	28 	28 	31 	20 	20 																36 	10 	32 	44 	33 	0 			38 	1 
银缎靴	0 	5 	3 	\spr\item\equip\boots\obj-shoes17.spr	27 	2 	2 	普通绸缎制成的靴子。		1400 	3 	0 	30 	42 	42 	31 	20 	20 																36 	16 	32 	59 	33 	0 			38 	1 
芙蓉靴	0 	5 	3 	\spr\item\equip\boots\obj-shoes17.spr	27 	2 	2 	采用上等丝绸编制。		2400 	4 	0 	30 	56 	56 	31 	20 	20 																36 	22 	32 	74 	33 	0 			38 	1 
火翔靴	0 	5 	3 	\spr\item\equip\boots\obj-shoes18.spr	27 	2 	2 	红锦制成的靴子。		3600 	5 	0 	30 	70 	70 	31 	20 	20 																36 	29 	32 	89 	33 	0 			38 	1 
苜云靴	0 	5 	3 	\spr\item\equip\boots\obj-shoes18.spr	27 	2 	2 	上等树脂加蚕丝编制。		5000 	6 	0 	30 	84 	84 	31 	20 	20 																36 	35 	32 	104 	33 	0 			38 	1 
霜纨靴	0 	5 	3 	\spr\item\equip\boots\obj-shoes19.spr	27 	2 	2 	一种细白紧密的霜纨绸制成的靴子。		6500 	7 	0 	30 	98 	98 	31 	20 	20 																36 	42 	32 	119 	33 	0 			38 	1 
雪莹靴	0 	5 	3 	\spr\item\equip\boots\obj-shoes19.spr	27 	2 	2 	天蚕丝与纯银丝制成。		9000 	8 	0 	30 	112 	112 	31 	20 	20 																36 	49 	32 	134 	33 	0 			38 	1 
骋沙靴	0 	5 	3 	\spr\item\equip\boots\obj-shoes20.spr	27 	2 	2 	用柔韧性极强的丝带编制。		12000 	9 	0 	30 	126 	126 	31 	20 	20 																36 	56 	32 	149 	33 	0 			38 	1 
飞凤靴	0 	5 	3 	\spr\item\equip\boots\obj-shoes20.spr	27 	2 	2 	传说中用凤凰的羽毛制成，穿上有腾云驾雾之感。		14500 	10 	0 	30 	140 	140 	31 	20 	20 																36 	62 	32 	164 	33 	0 			38 	1 
