名称	道具种类	具体类别	详细类别	动画文件名	对应物件索引	宽度	高度	说明文字	五行属性	价格	等级	是否叠放	基础属性1类型	基础属性1最小值	基础属性1最大值	基础属性2类型	基础属性2最小值	基础属性2最大值	基础属性3类型	基础属性3最小值	基础属性3最大值	基础属性4类型	基础属性4最小值	基础属性4最大值	基础属性5类型	基础属性5最小值	基础属性5最大值	基础属性6类型	基础属性6最小值	基础属性6最大值	基础属性7类型	基础属性7最小值	基础属性7最大值	需求属性1类型	需求属性1数值	需求属性2类型	需求属性2数值	需求属性3类型	需求属性3数值	需求属性4类型	需求属性4数值	需求属性5类型	需求属性5数值	需求属性6类型	需求属性6数值
青铜手镯	0 	8 	0 	\spr\item\equip\bangle\obj-bangle01.spr	35 	1 	2 	沉重的青铜手环，防御效果不是很好。		100 	1 	0 	30 	13 	13 	31 	20 	20 																36 	1 	32 	0 	33 	0 			38 	1 		
练铜手镯	0 	8 	0 	\spr\item\equip\bangle\obj-bangle02.spr	35 	1 	2 	炼铜打就，稍具防御作用。		300 	2 	0 	30 	22 	22 	31 	20 	20 																36 	8 	32 	20 	33 	0 			38 	1 		
镔铁护腕	0 	8 	0 	\spr\item\equip\bangle\obj-bangle03.spr	35 	1 	2 	镔铁精制，对手腕有不错的防护作用。		600 	3 	0 	30 	33 	33 	31 	20 	20 																36 	14 	32 	27 	33 	0 			38 	1 		
银丝镯	0 	8 	0 	\spr\item\equip\bangle\obj-bangle04.spr	35 	1 	2 	银制手镯，适合小家碧玉。		1000 	4 	0 	30 	45 	45 	31 	20 	20 																36 	20 	32 	35 	33 	0 			38 	1 		
金丝镯	0 	8 	0 	\spr\item\equip\bangle\obj-bangle05.spr	35 	1 	2 	金制手镯，华丽但稍显俗气。		1800 	5 	0 	30 	56 	56 	31 	20 	20 																36 	27 	32 	42 	33 	0 			38 	1 		
白玉镯	0 	8 	0 	\spr\item\equip\bangle\obj-bangle06.spr	35 	1 	2 	白玉精琢，华贵大方。		2600 	6 	0 	30 	67 	67 	31 	20 	20 																36 	33 	32 	49 	33 	0 			38 	1 		
翡翠玉镯	0 	8 	0 	\spr\item\equip\bangle\obj-bangle07.spr	35 	1 	2 	色泽温润，清凉宜人。		3600 	7 	0 	30 	78 	78 	31 	20 	20 																36 	40 	32 	56 	33 	0 			38 	1 		
温凉玉镯	0 	8 	0 	\spr\item\equip\bangle\obj-bangle08.spr	35 	1 	2 	内有阴阳二气，冬暖夏凉。		4900 	8 	0 	30 	89 	89 	31 	20 	20 																36 	47 	32 	64 	33 	0 			38 	1 		
冰魄寒玉镯	0 	8 	0 	\spr\item\equip\bangle\obj-bangle09.spr	35 	1 	2 	千年寒玉磨成，寒气沁人。		6400 	9 	0 	30 	100 	100 	31 	20 	20 																36 	54 	32 	72 	33 	0 			38 	1 		
龙凤血玉镯	0 	8 	0 	\spr\item\equip\bangle\obj-bangle10.spr	35 	1 	2 	蕴藏有神秘自然力量的玉镯。		8100 	10 	0 	30 	111 	111 	31 	20 	20 																36 	60 	32 	80 	33 	0 			38 	1 		
牛皮护腕	0 	8 	1 	\spr\item\equip\bangle\obj-bangle11.spr	34 	1 	2 	普通的牛皮护腕，比什么都不带强一点。		100 	1 	0 	30 	13 	13 	31 	20 	20 																36 	1 	32 	0 	33 	0 			38 	0 		
狼皮护腕	0 	8 	1 	\spr\item\equip\bangle\obj-bangle12.spr	34 	1 	2 	豺狼皮制，柔软耐磨。		300 	2 	0 	30 	22 	22 	31 	20 	20 																36 	8 	32 	20 	33 	0 			38 	0 		
乌藤护腕	0 	8 	1 	\spr\item\equip\bangle\obj-bangle13.spr	34 	1 	2 	百年乌藤编成，坚韧轻巧。		600 	3 	0 	30 	33 	33 	31 	20 	20 																36 	14 	32 	30 	33 	0 			38 	0 		
蟒皮护腕	0 	8 	1 	\spr\item\equip\bangle\obj-bangle14.spr	34 	1 	2 	巨蟒皮制，韧性强度均佳。		1000 	4 	0 	30 	45 	45 	31 	20 	20 																36 	20 	32 	40 	33 	0 			38 	0 		
鳄皮护腕	0 	8 	1 	\spr\item\equip\bangle\obj-bangle15.spr	34 	1 	2 	鳄皮制作，表面粗糙但防御力很好。		1800 	5 	0 	30 	56 	56 	31 	20 	20 																36 	27 	32 	50 	33 	0 			38 	0 		
象皮护腕	0 	8 	1 	\spr\item\equip\bangle\obj-bangle16.spr	34 	1 	2 	象皮制成，宽厚强韧。		2600 	6 	0 	30 	67 	67 	31 	20 	20 																36 	33 	32 	60 	33 	0 			38 	0 
鲨皮护腕	0 	8 	1 	\spr\item\equip\bangle\obj-bangle17.spr	34 	1 	2 	白鲨皮制，矢箭难伤。		3600 	7 	0 	30 	78 	78 	31 	20 	20 																36 	40 	32 	70 	33 	0 			38 	0 
犀角护腕	0 	8 	1 	\spr\item\equip\bangle\obj-bangle18.spr	34 	1 	2 	雷犀皮制，不畏普通刀剑。		4900 	8 	0 	30 	89 	89 	31 	20 	20 																36 	47 	32 	80 	33 	0 			38 	0 
龙鳞护腕	0 	8 	1 	\spr\item\equip\bangle\obj-bangle19.spr	34 	1 	2 	鼋龙皮制，为手部提供最安全的保护。		6400 	9 	0 	30 	100 	100 	31 	20 	20 																36 	54 	32 	90 	33 	0 			38 	0 
天蚕护腕	0 	8 	1 	\spr\item\equip\bangle\obj-bangle20.spr	34 	1 	2 	天蚕丝织，刀枪不进，水火不侵。		8100 	10 	0 	30 	111 	111 	31 	20 	20 																36 	60 	32 	100 	33 	0 			38 	0 
