名称	道具种类	具体类别	详细类别	动画文件名	对应物件索引	宽度	高度	说明文字	五行属性	价格	等级	是否叠放	基础属性1类型	基础属性1最小值	基础属性1最大值	基础属性2类型	基础属性2最小值	基础属性2最大值	基础属性3类型	基础属性3最小值	基础属性3最大值	基础属性4类型	基础属性4最小值	基础属性4最大值	基础属性5类型	基础属性5最小值	基础属性5最大值	基础属性6类型	基础属性6最小值	基础属性6最大值	基础属性7类型	基础属性7最小值	基础属性7最大值	需求属性1类型	需求属性1数值	需求属性2类型	需求属性2数值	需求属性3类型	需求属性3数值	需求属性4类型	需求属性4数值	需求属性5类型	需求属性5数值	需求属性6类型	需求属性6数值
沙弥戒箍	0 	7 	0 	\spr\item\equip\cap\obj-ma-cap01-1.spr	28 	2 	2 	小沙弥戴的头箍。		100 	1 	0 	30 	25 	25 	31 	5 	5 																36 	1 	32 	30 	33 	0 			38 	0 		
僧戒箍	0 	7 	0 	\spr\item\equip\cap\obj-ma-cap01-1.spr	28 	2 	2 	棉制的和尚头箍。		250 	2 	0 	30 	50 	50 	31 	7 	7 																36 	7 	32 	50 	33 	0 			38 	0 		
佛印戒箍	0 	7 	0 	\spr\item\equip\cap\obj-ma-cap01-1.spr	28 	2 	2 	上有佛印图案的头箍。		500 	3 	0 	30 	75 	75 	31 	9 	9 																36 	13 	32 	70 	33 	0 			38 	0 		
僧迦戒箍	0 	7 	0 	\spr\item\equip\cap\obj-ma-cap01-1.spr	28 	2 	2 	普通僧侣的头箍。		800 	4 	0 	30 	100 	100 	31 	11 	11 																36 	19 	32 	90 	33 	0 			38 	0 		
琨庐帽	0 	7 	0 	\spr\item\equip\cap\obj-ma-cap02-1.spr	28 	2 	2 	品质精良的棉帽。		1200 	5 	0 	30 	125 	125 	31 	13 	13 																36 	26 	32 	110 	33 	0 			38 	0 		
琳莲帽	0 	7 	0 	\spr\item\equip\cap\obj-ma-cap02-2.spr	28 	2 	2 	以绸缎与精棉合制的帽子。		1800 	6 	0 	30 	150 	150 	31 	15 	15 																36 	33 	32 	130 	33 	0 			38 	0 		
芙蓉帽	0 	7 	0 	\spr\item\equip\cap\obj-ma-cap02-3.spr	28 	2 	2 	中等僧侣佩戴，上等绸缎制作的帽子。		2500 	7 	0 	30 	175 	175 	31 	17 	17 																36 	40 	32 	150 	33 	0 			38 	0 		
谂仑帽	0 	7 	0 	\spr\item\equip\cap\obj-ma-cap03-1.spr	28 	2 	2 	丝绸与绸缎合制的帽子，丝绸为点缀用。		3200 	8 	0 	30 	200 	200 	31 	19 	19 																36 	46 	32 	170 	33 	0 			38 	0 		
念宁帽	0 	7 	0 	\spr\item\equip\cap\obj-ma-cap03-2.spr	28 	2 	2 	高等僧侣戴的帽子。		4000 	9 	0 	30 	225 	225 	31 	21 	21 																36 	53 	32 	190 	33 	0 			38 	0 		
毗卢帽	0 	7 	0 	\spr\item\equip\cap\obj-ma-cap03-3.spr	28 	2 	2 	上等丝绸帽，上有毗卢佛像，唐僧曾经戴过。		5000 	10 	0 	30 	250 	250 	31 	23 	23 																36 	60 	32 	210 	33 	0 			38 	0 		
木簪	0 	7 	1 	\spr\item\equip\cap\obj-ma-cap04-1.spr	29 	2 	2 	道士束发的常用木簪。		100 	1 	0 	30 	20 	20 	31 	8 	8 																36 	1 	32 	20 	33 	0 			38 	0 	37 	4 
黄杨木簪	0 	7 	1 	\spr\item\equip\cap\obj-ma-cap04-1.spr	29 	2 	2 	黄杨木精制的木簪。		200 	2 	0 	30 	30 	30 	31 	10 	10 																36 	7 	32 	30 	33 	0 			38 	0 	37 	4 
乾坤结	0 	7 	1 	\spr\item\equip\cap\obj-ma-cap04-2.spr	28 	2 	2 	纱制道士常用头结。		400 	3 	0 	30 	45 	45 	31 	12 	12 																36 	13 	32 	40 	33 	0 			38 	0 	37 	4 
太极冠	0 	7 	1 	\spr\item\equip\cap\obj-ma-cap04-3.spr	28 	2 	2 	道士常用丝制发冠。		700 	4 	0 	30 	60 	60 	31 	14 	14 																36 	19 	32 	50 	33 	0 			38 	0 	37 	4 
八卦巾	0 	7 	1 	\spr\item\equip\cap\obj-ma-cap05-1.spr	28 	2 	2 	上等丝绸编制，道士常用头巾。		1000 	5 	0 	30 	75 	75 	31 	16 	16 																36 	26 	32 	60 	33 	0 			38 	0 	37 	4 
乾莰巾	0 	7 	1 	\spr\item\equip\cap\obj-ma-cap05-2.spr	28 	2 	2 	头巾绣有乾莰二字，上等丝绸制。		1500 	6 	0 	30 	90 	90 	31 	18 	18 																36 	33 	32 	70 	33 	0 			38 	0 	37 	4 
五岳冠	0 	7 	1 	\spr\item\equip\cap\obj-ma-cap05-3.spr	28 	2 	2 	常用道冠之一。		2000 	7 	0 	30 	105 	105 	31 	20 	20 																36 	40 	32 	80 	33 	0 			38 	0 	37 	4 
上清冠	0 	7 	1 	\spr\item\equip\cap\obj-ma-cap06-1.spr	28 	2 	2 	修为到一定程度的道士才能佩戴。		2500 	8 	0 	30 	120 	120 	31 	22 	22 																36 	46 	32 	90 	33 	0 			38 	0 	37 	4 
星冠	0 	7 	1 	\spr\item\equip\cap\obj-ma-cap06-2.spr	28 	2 	2 	有名的道士头冠，江南名家所制。		3200 	9 	0 	30 	135 	135 	31 	24 	24 																36 	53 	32 	100 	33 	0 			38 	0 	37 	4 
五老冠	0 	7 	1 	\spr\item\equip\cap\obj-ma-cap06-3.spr	28 	2 	2 	上等材质制作，为道冠中的极品之作。		4000 	10 	0 	30 	150 	150 	31 	26 	26 																36 	60 	32 	110 	33 	0 			38 	0 	37 	4 
竹笠	0 	7 	2 	\spr\item\equip\cap\obj-ma-cap07-1.spr	28 	2 	2 	江南人常用的斗笠。		100 	1 	0 	30 	40 	40 	31 	8 	8 																36 	1 	32 	30 	33 	20 			38 	0 		
渔笠	0 	7 	2 	\spr\item\equip\cap\obj-ma-cap07-1.spr	28 	2 	2 	渔家常用的斗笠。		300 	2 	0 	30 	68 	68 	31 	10 	10 																36 	7 	32 	50 	33 	30 			38 	0 		
湛卢草帽	0 	7 	2 	\spr\item\equip\cap\obj-ma-cap07-2.spr	28 	2 	2 	少见的剑茅草编织成的草帽。		600 	3 	0 	30 	96 	96 	31 	13 	13 																36 	13 	32 	70 	33 	40 			38 	0 		
茱臾草帽	0 	7 	2 	\spr\item\equip\cap\obj-ma-cap07-3.spr	28 	2 	2 	使用稀有的茱萸编织的草帽。		1000 	4 	0 	30 	124 	124 	31 	15 	15 																36 	19 	32 	90 	33 	50 			38 	0 		
玄纱面罩	0 	7 	2 	\spr\item\equip\cap\obj-ma-cap08-1.spr	28 	2 	2 	杀手常用的面罩。		1600 	5 	0 	30 	152 	152 	31 	17 	17 																36 	26 	32 	110 	33 	60 			38 	0 		
青煞面罩	0 	7 	2 	\spr\item\equip\cap\obj-ma-cap08-2.spr	28 	2 	2 	较高级的杀手用的面罩。		2400 	6 	0 	30 	170 	170 	31 	20 	20 																36 	33 	32 	130 	33 	70 			38 	0 		
人皮面罩	0 	7 	2 	\spr\item\equip\cap\obj-ma-cap08-3.spr	28 	2 	2 	据说是剥下人皮制成的面罩，怨气森森。		3500 	7 	0 	30 	192 	192 	31 	22 	22 																36 	40 	32 	150 	33 	80 			38 	0 		
五毒发结	0 	7 	2 	\spr\item\equip\cap\obj-ma-cap09-1.spr	28 	2 	2 	五毒浸泡蛇皮制成的发结。		4800 	8 	0 	30 	220 	220 	31 	25 	25 																36 	46 	32 	170 	33 	90 			38 	0 		
百毒发结	0 	7 	2 	\spr\item\equip\cap\obj-ma-cap09-2.spr	28 	2 	2 	藏有百毒精华的发结。		6400 	9 	0 	30 	248 	248 	31 	27 	27 																36 	53 	32 	190 	33 	100 			38 	0 		
修罗发结	0 	7 	2 	\spr\item\equip\cap\obj-ma-cap09-3.spr	28 	2 	2 	世间异物，傲气凛凛，杀意冲天。		8000 	10 	0 	30 	276 	276 	31 	30 	30 																36 	60 	32 	210 	33 	110 			38 	0 		
儒巾	0 	7 	3 	\spr\item\equip\cap\obj-ma-cap10-1.spr	28 	2 	2 	秀才常用的头巾，随处可见。		120 	1 	0 	30 	40 	40 	31 	8 	8 																36 	1 	32 	30 	33 	30 			38 	0 		
进贤冠	0 	7 	3 	\spr\item\equip\cap\obj-ma-cap10-1.spr	28 	2 	2 	秀才常用的头冠。		320 	2 	0 	30 	70 	70 	31 	10 	10 																36 	7 	32 	45 	33 	45 			38 	0 
越美冠	0 	7 	3 	\spr\item\equip\cap\obj-ma-cap10-2.spr	28 	2 	2 	文人常用的头冠。		750 	3 	0 	30 	100 	100 	31 	13 	13 																36 	13 	32 	60 	33 	60 			38 	0 
飞燕冠	0 	7 	3 	\spr\item\equip\cap\obj-ma-cap10-3.spr	28 	2 	2 	精美头冠，名士喜用。		1200 	4 	0 	30 	130 	130 	31 	15 	15 																36 	19 	32 	75 	33 	75 			38 	0 
貂蝉冠	0 	7 	3 	\spr\item\equip\cap\obj-ma-cap11-1.spr	28 	2 	2 	重檐头冠，精致纤细。		1800 	5 	0 	30 	160 	160 	31 	17 	17 																36 	26 	32 	90 	33 	90 			38 	0 
琅琊冠	0 	7 	3 	\spr\item\equip\cap\obj-ma-cap11-2.spr	28 	2 	2 	名匠制作的头冠，戴上去器宇非凡。		2500 	6 	0 	30 	190 	190 	31 	20 	20 																36 	33 	32 	105 	33 	105 			38 	0 
璎珞冠	0 	7 	3 	\spr\item\equip\cap\obj-ma-cap11-3.spr	28 	2 	2 	镶有璎珞玉石的头冠，精美雅致，深受文人的喜爱。		3700 	7 	0 	30 	220 	220 	31 	22 	22 																36 	40 	32 	120 	33 	120 			38 	0 
紫金发冠	0 	7 	3 	\spr\item\equip\cap\obj-ma-cap12-1.spr	28 	2 	2 	用白金和高级宝石制作，非常精致。		5000 	8 	0 	30 	250 	250 	31 	25 	25 																36 	46 	32 	135 	33 	135 			38 	0 
七宝发冠	0 	7 	3 	\spr\item\equip\cap\obj-ma-cap12-2.spr	28 	2 	2 	名贵头冠，通常为御赐之物。		6000 	9 	0 	30 	280 	280 	31 	27 	27 																36 	53 	32 	150 	33 	150 			38 	0 
通天发冠	0 	7 	3 	\spr\item\equip\cap\obj-ma-cap12-3.spr	28 	2 	2 	精美头冠，有金博山等装饰，为皇帝佩戴之物。		7500 	10 	0 	30 	310 	310 	31 	30 	30 																36 	60 	32 	165 	33 	165 			38 	0 
铜盔	0 	7 	4 	\spr\item\equip\cap\obj-ma-cap13-1.spr	29 	2 	2 	由青铜打造的头盔。		370 	1 	0 	30 	45 	45 	31 	10 	10 																36 	1 	32 	35 	33 	0 			38 	0 
半面盔	0 	7 	4 	\spr\item\equip\cap\obj-ma-cap13-1.spr	29 	2 	2 	遮挡住半边脸，阻挡箭矢的头盔。		610 	2 	0 	30 	75 	75 	31 	13 	13 																36 	7 	32 	60 	33 	0 			38 	0 
双面盔	0 	7 	4 	\spr\item\equip\cap\obj-ma-cap13-2.spr	29 	2 	2 	遮挡整个脸，只露出眼睛的头盔。		1120 	3 	0 	30 	105 	105 	31 	16 	16 																36 	13 	32 	85 	33 	0 			38 	0 
铁盔	0 	7 	4 	\spr\item\equip\cap\obj-ma-cap13-3.spr	29 	2 	2 	用精铁打造的头盔。		1800 	4 	0 	30 	135 	135 	31 	19 	19 																36 	19 	32 	110 	33 	0 			38 	0 
精铜头盔	0 	7 	4 	\spr\item\equip\cap\obj-ma-cap14-1.spr	29 	2 	2 	用上等精铜打造的头盔。		2700 	5 	0 	30 	165 	165 	31 	22 	22 																36 	26 	32 	135 	33 	0 			38 	0 
钢盔	0 	7 	4 	\spr\item\equip\cap\obj-ma-cap14-2.spr	29 	2 	2 	使用精钢打造的头盔。		3700 	6 	0 	30 	195 	195 	31 	25 	25 																36 	33 	32 	160 	33 	0 			38 	0 
银盔	0 	7 	4 	\spr\item\equip\cap\obj-ma-cap14-3.spr	29 	2 	2 	纯银外壳的头盔。		5100 	7 	0 	30 	225 	225 	31 	28 	28 																36 	40 	32 	185 	33 	0 			38 	0 
乌钢盔	0 	7 	4 	\spr\item\equip\cap\obj-ma-cap15-1.spr	29 	2 	2 	百练乌钢打造的头盔。		6500 	8 	0 	30 	255 	255 	31 	31 	31 																36 	46 	32 	210 	33 	0 			38 	0 
金盔	0 	7 	4 	\spr\item\equip\cap\obj-ma-cap15-2.spr	31 	2 	2 	纯金外壳的头盔，防御力不错。		8100 	9 	0 	30 	285 	285 	31 	34 	34 																36 	53 	32 	235 	33 	0 			38 	0 
掩日盔	0 	7 	4 	\spr\item\equip\cap\obj-ma-cap15-3.spr	31 	2 	2 	纯金打造，形状颇大的头盔，防御力极强。		10000 	10 	0 	30 	315 	315 	31 	37 	37 																36 	60 	32 	260 	33 	0 			38 	0 
破布巾	0 	7 	5 	\spr\item\equip\cap\obj-ma-cap16-1.spr	28 	2 	2 	普通的乞丐用头巾，很破烂。		60 	1 	0 	30 	25 	25 	31 	8 	8 																36 	1 	32 	30 	33 	20 			38 	0 
八方巾	0 	7 	5 	\spr\item\equip\cap\obj-ma-cap16-1.spr	28 	2 	2 	普通的乞丐用头巾，几乎没有什么用处。		160 	2 	0 	30 	50 	50 	31 	10 	10 																36 	7 	32 	45 	33 	25 			38 	0 
逍遥巾	0 	7 	5 	\spr\item\equip\cap\obj-ma-cap16-2.spr	28 	2 	2 	乞丐用头巾，式样普通。		370 	3 	0 	30 	75 	75 	31 	13 	13 																36 	13 	32 	60 	33 	30 			38 	0 
露天巾	0 	7 	5 	\spr\item\equip\cap\obj-ma-cap16-3.spr	28 	2 	2 	乞丐用头巾，比较耐用。		600 	4 	0 	30 	100 	100 	31 	15 	15 																36 	19 	32 	75 	33 	35 			38 	0 
白食环	0 	7 	5 	\spr\item\equip\cap\obj-ma-cap17-1.spr	28 	2 	2 	乞丐用头环，丐帮的象征之物。		900 	5 	0 	30 	125 	125 	31 	17 	17 																36 	26 	32 	90 	33 	40 			38 	0 
琉璃环	0 	7 	5 	\spr\item\equip\cap\obj-ma-cap17-2.spr	28 	2 	2 	镶有一颗青色琉璃珠的头环。		1200 	6 	0 	30 	150 	150 	31 	20 	20 																36 	33 	32 	105 	33 	45 			38 	0 
双层琉璃环	0 	7 	5 	\spr\item\equip\cap\obj-ma-cap17-3.spr	28 	2 	2 	两层叠加的，镶有青色琉璃珠的头环。		1800 	7 	0 	30 	175 	175 	31 	22 	22 																36 	40 	32 	120 	33 	50 			38 	0 
信义环	0 	7 	5 	\spr\item\equip\cap\obj-ma-cap18-1.spr	28 	2 	2 	体现丐帮精神的头环之一。		2500 	8 	0 	30 	200 	200 	31 	25 	25 																36 	46 	32 	135 	33 	55 			38 	0 
情义环	0 	7 	5 	\spr\item\equip\cap\obj-ma-cap18-2.spr	28 	2 	2 	体现丐帮精神的头环之二。		3000 	9 	0 	30 	225 	225 	31 	27 	27 																36 	53 	32 	150 	33 	60 			38 	0 
摘星环	0 	7 	5 	\spr\item\equip\cap\obj-ma-cap18-3.spr	28 	2 	2 	极为珍贵的头环，丐帮的宝物。		3700 	10 	0 	30 	250 	250 	31 	30 	30 																36 	60 	32 	165 	33 	65 			38 	0 
布巾	0 	7 	6 	\spr\item\equip\cap\obj-ma-cap19-1.spr	28 	2 	2 	普通平民常用的头巾。		120 	1 	0 	30 	20 	20 	31 	8 	8 																36 	1 	32 	0 	33 	20 			38 	0 
平顶巾	0 	7 	6 	\spr\item\equip\cap\obj-ma-cap19-1.spr	28 	2 	2 	粗布制的头巾，比一般头巾耐久性高一点。		320 	2 	0 	30 	40 	40 	31 	10 	10 																36 	7 	32 	0 	33 	25 			38 	0 
布绒巾	0 	7 	6 	\spr\item\equip\cap\obj-ma-cap19-1.spr	28 	2 	2 	平民常用头巾，比较保暖。		750 	3 	0 	30 	60 	60 	31 	13 	13 																36 	13 	32 	0 	33 	30 			38 	0 
鹰羽巾	0 	7 	6 	\spr\item\equip\cap\obj-ma-cap19-1.spr	28 	2 	2 	据说用鹰羽制成，实际上就是一般鸟毛做的。		1200 	4 	0 	30 	80 	80 	31 	15 	15 																36 	19 	32 	0 	33 	35 			38 	0 
旖丝发带	0 	7 	6 	\spr\item\equip\cap\obj-ma-cap20-1.spr	28 	2 	2 	精品丝制发带，式样华丽。		1800 	5 	0 	30 	100 	100 	31 	17 	17 																36 	26 	32 	0 	33 	40 			38 	0 
金丝冠	0 	7 	6 	\spr\item\equip\cap\obj-ma-cap20-2.spr	28 	2 	2 	"帽顶复以金丝缎，边沿镶以丝带,保暖性很好。"		2500 	6 	0 	30 	120 	120 	31 	20 	20 																36 	33 	32 	0 	33 	45 			38 	0 
朱绮冠	0 	7 	6 	\spr\item\equip\cap\obj-ma-cap20-3.spr	28 	2 	2 	精品丝制帽，红色丝巾编制，式样大方。		3700 	7 	0 	30 	140 	140 	31 	22 	22 																36 	40 	32 	0 	33 	50 			38 	0 
莹珏帽	0 	7 	6 	\spr\item\equip\cap\obj-ma-cap21-1.spr	28 	2 	2 	精品丝制帽，上有翡翠点缀，颇为值钱。		5000 	8 	0 	30 	160 	160 	31 	25 	25 																36 	46 	32 	0 	33 	55 			38 	0 
蚕丝帽	0 	7 	6 	\spr\item\equip\cap\obj-ma-cap21-2.spr	28 	2 	2 	采用精选蚕丝编织的帽子，舒适高贵。		6000 	9 	0 	30 	180 	180 	31 	27 	27 																36 	53 	32 	0 	33 	60 			38 	0 
乌蚕帽	0 	7 	6 	\spr\item\equip\cap\obj-ma-cap21-3.spr	28 	2 	2 	用乌蚕丝编制的帽子，非常名贵。		7500 	10 	0 	30 	200 	200 	31 	30 	30 																36 	60 	32 	0 	33 	65 			38 	0 
释尼帽	0 	7 	7 	\spr\item\equip\cap\obj-fm-cap01-1.spr	28 	2 	2 	最普通的佛家女尼帽子。		100 	1 	0 	30 	25 	25 	31 	5 	5 																36 	1 	32 	30 					38 	1 
释尼帽	0 	7 	7 	\spr\item\equip\cap\obj-fm-cap01-1.spr	28 	2 	2 	最普通的佛家女尼帽子。		250 	2 	0 	30 	50 	50 	31 	7 	7 																36 	7 	32 	50 					38 	1 
释尼帽	0 	7 	7 	\spr\item\equip\cap\obj-fm-cap01-1.spr	28 	2 	2 	最普通的佛家女尼帽子。		500 	3 	0 	30 	75 	75 	31 	9 	9 																36 	13 	32 	70 					38 	1 
释尼帽	0 	7 	7 	\spr\item\equip\cap\obj-fm-cap01-1.spr	28 	2 	2 	最普通的佛家女尼帽子。		800 	4 	0 	30 	100 	100 	31 	11 	11 																36 	19 	32 	90 					38 	1 
青帽	0 	7 	7 	\spr\item\equip\cap\obj-fm-cap02-1.spr	28 	2 	2 	青色的佛家布帽。		1200 	5 	0 	30 	125 	125 	31 	13 	13 																36 	26 	32 	110 					38 	1 
青缨帽	0 	7 	7 	\spr\item\equip\cap\obj-fm-cap02-2.spr	28 	2 	2 	坠有青色垂缨的佛家布帽。		1800 	6 	0 	30 	150 	150 	31 	15 	15 																36 	33 	32 	130 					38 	1 
天青帽	0 	7 	7 	\spr\item\equip\cap\obj-fm-cap02-3.spr	28 	2 	2 	色泽鲜艳的绿色佛家帽。		2500 	7 	0 	30 	175 	175 	31 	17 	17 																36 	40 	32 	150 					38 	1 
赤影发冠	0 	7 	7 	\spr\item\equip\cap\obj-fm-cap03-1.spr	28 	2 	2 	高级佛家发冠，宝相庄严。		3200 	8 	0 	30 	200 	200 	31 	19 	19 																36 	46 	32 	170 					38 	1 
无相法冠	0 	7 	7 	\spr\item\equip\cap\obj-fm-cap03-2.spr	28 	2 	2 	高级佛家法冠，暗韵无我无相的妙义。		4000 	9 	0 	30 	225 	225 	31 	21 	21 																36 	53 	32 	190 					38 	1 
观音法冠	0 	7 	7 	\spr\item\equip\cap\obj-fm-cap03-3.spr	28 	2 	2 	观音大士的头冠。		5000 	10 	0 	30 	250 	250 	31 	23 	23 																36 	60 	32 	210 					38 	1 
银钗	0 	7 	8 	\spr\item\equip\cap\obj-fm-cap04-1.spr	30 	2 	2 	纯银制作的小钗。		100 	1 	0 	30 	20 	20 	31 	8 	8 																36 	1 	32 	0 	33 	20 			38 	1 
银帘钗	0 	7 	8 	\spr\item\equip\cap\obj-fm-cap04-1.spr	30 	2 	2 	纯银制作的翻帘式小钗。		200 	2 	0 	30 	40 	40 	31 	10 	10 																36 	7 	32 	0 	33 	25 			38 	1 
银链钗	0 	7 	8 	\spr\item\equip\cap\obj-fm-cap04-2.spr	30 	2 	2 	纯银制作链式钗。		400 	3 	0 	30 	60 	60 	31 	13 	13 																36 	13 	32 	0 	33 	30 			38 	1 
银环钗	0 	7 	8 	\spr\item\equip\cap\obj-fm-cap04-3.spr	30 	2 	2 	纯银制作的环状钗。		700 	4 	0 	30 	80 	80 	31 	15 	15 																36 	19 	32 	0 	33 	35 			38 	1 
金钗	0 	7 	8 	\spr\item\equip\cap\obj-fm-cap05-1.spr	30 	2 	2 	纯金制作的小钗。		1000 	5 	0 	30 	100 	100 	31 	17 	17 																36 	26 	32 	0 	33 	40 			38 	1 
金环钗	0 	7 	8 	\spr\item\equip\cap\obj-fm-cap05-2.spr	30 	2 	2 	纯金制作的环状钗。		1500 	6 	0 	30 	120 	120 	31 	20 	20 																36 	33 	32 	0 	33 	45 			38 	1 
金步摇	0 	7 	8 	\spr\item\equip\cap\obj-fm-cap05-3.spr	30 	2 	2 	精美小钗，悬有多片金叶。		2000 	7 	0 	30 	140 	140 	31 	22 	22 																36 	40 	32 	0 	33 	50 			38 	1 
翡翠钗	0 	7 	8 	\spr\item\equip\cap\obj-fm-cap06-1.spr	30 	2 	2 	精品翡翠制作的小钗。		2500 	8 	0 	30 	160 	160 	31 	25 	25 																36 	46 	32 	0 	33 	55 			38 	1 
太极冠	0 	7 	8 	\spr\item\equip\cap\obj-fm-cap06-2.spr	30 	2 	2 	道门奇物，能给佩戴者带来好运气。		3200 	9 	0 	30 	180 	180 	31 	27 	27 																36 	53 	32 	0 	33 	60 			38 	1 
阴阳无极冠	0 	7 	8 	\spr\item\equip\cap\obj-fm-cap06-3.spr	30 	2 	2 	道家秘宝，暗合大道。		4000 	10 	0 	30 	200 	200 	31 	30 	30 																36 	60 	32 	0 	33 	65 			38 	1 
皮胄	0 	7 	9 	\spr\item\equip\cap\obj-fm-cap07-1.spr	28 	2 	2 	上等兽皮加工而成的防护帽，有很强的抗打击性。		100 	1 	0 	30 	25 	25 	31 	8 	8 																36 	1 	32 	30 	33 	20 			38 	1 
铜胄	0 	7 	9 	\spr\item\equip\cap\obj-fm-cap07-1.spr	28 	2 	2 	铜打造的防护帽，一般士兵常用。		300 	2 	0 	30 	50 	50 	31 	10 	10 																36 	7 	32 	45 	33 	25 			38 	1 
精铜胄	0 	7 	9 	\spr\item\equip\cap\obj-fm-cap07-2.spr	28 	2 	2 	精铜打造的防护盔。		600 	3 	0 	30 	75 	75 	31 	13 	13 																36 	13 	32 	60 	33 	30 			38 	1 
赤豚皮帽	0 	7 	9 	\spr\item\equip\cap\obj-fm-cap07-3.spr	28 	2 	2 	暂缺上等河豚皮制作的防护帽。		1000 	4 	0 	30 	100 	100 	31 	15 	15 																36 	19 	32 	75 	33 	35 			38 	1 
兽骨簪	0 	7 	9 	\spr\item\equip\cap\obj-fm-cap08-1.spr	30 	2 	2 	兽骨制成的发簪。		1600 	5 	0 	30 	125 	125 	31 	17 	17 																36 	26 	32 	90 	33 	40 			38 	1 
紫骨簪	0 	7 	9 	\spr\item\equip\cap\obj-fm-cap08-2.spr	30 	2 	2 	染过色的兽骨发簪。		2400 	6 	0 	30 	150 	150 	31 	20 	20 																36 	33 	32 	105 	33 	45 			38 	1 
玄骨簪	0 	7 	9 	\spr\item\equip\cap\obj-fm-cap08-3.spr	30 	2 	2 	一种难得奇兽骨制成的发簪。		3500 	7 	0 	30 	175 	175 	31 	22 	22 																36 	40 	32 	120 	33 	50 			38 	1 
虎皮面罩	0 	7 	9 	\spr\item\equip\cap\obj-fm-cap09-1.spr	28 	2 	2 	上等虎皮制作的防护帽。		4800 	8 	0 	30 	200 	200 	31 	25 	25 																36 	46 	32 	135 	33 	55 			38 	1 
貂皮面罩	0 	7 	9 	\spr\item\equip\cap\obj-fm-cap09-2.spr	28 	2 	2 	上等貂皮制作的防护帽。		6400 	9 	0 	30 	225 	225 	31 	27 	27 																36 	53 	32 	150 	33 	60 			38 	1 
玄犀面罩	0 	7 	9 	\spr\item\equip\cap\obj-fm-cap09-3.spr	28 	2 	2 	稀有犀牛皮裹着精铁制成的防护帽。		8000 	10 	0 	30 	250 	250 	31 	30 	30 																36 	60 	32 	165 	33 	65 			38 	1 
粗铁头环	0 	7 	10 	\spr\item\equip\cap\obj-fm-cap10-1.spr	28 	2 	2 	打造得很粗糙的头环，上面镶嵌了绿色石头。		120 	1 	0 	30 	25 	25 	31 	8 	8 																36 	1 	32 	30 	33 	20 			38 	1 
细铁头环	0 	7 	10 	\spr\item\equip\cap\obj-fm-cap10-1.spr	28 	2 	2 	普通铁制头环，上面镶嵌了绿色玉块。		320 	2 	0 	30 	50 	50 	31 	10 	10 																36 	7 	32 	45 	33 	25 			38 	1 
黄铜头环	0 	7 	10 	\spr\item\equip\cap\obj-fm-cap10-2.spr	28 	2 	2 	黄铜打造的头环，上面嵌有细小的装饰物。		750 	3 	0 	30 	75 	75 	31 	13 	13 																36 	13 	32 	60 	33 	30 			38 	1 
绿玉头环	0 	7 	10 	\spr\item\equip\cap\obj-fm-cap10-3.spr	28 	2 	2 	精铁打造，嵌有一颗绿色凉玉。		1200 	4 	0 	30 	100 	100 	31 	15 	15 																36 	19 	32 	75 	33 	35 			38 	1 
鸡尾钗	0 	7 	10 	\spr\item\equip\cap\obj-fm-cap11-1.spr	30 	2 	2 	钗颜色如鸡尾，不错的女性装饰物。		1800 	5 	0 	30 	125 	125 	31 	17 	17 																36 	26 	32 	90 	33 	40 			38 	1 
鹦羽钗	0 	7 	10 	\spr\item\equip\cap\obj-fm-cap11-2.spr	30 	2 	2 	色泽鲜艳的头钗，相当漂亮。		2500 	6 	0 	30 	150 	150 	31 	20 	20 																36 	33 	32 	105 	33 	45 			38 	1 
盘蛇钗	0 	7 	10 	\spr\item\equip\cap\obj-fm-cap11-3.spr	30 	2 	2 	钗上用细碎宝石环绕，如一条碧玉小蛇盘桓其上。		3700 	7 	0 	30 	175 	175 	31 	22 	22 																36 	40 	32 	120 	33 	50 			38 	1 
朱砂头环	0 	7 	10 	\spr\item\equip\cap\obj-fm-cap12-1.spr	28 	2 	2 	色彩暗红的头环，用红色矿石打造，色泽如干涸的朱砂。		5000 	8 	0 	30 	200 	200 	31 	25 	25 																36 	46 	32 	135 	33 	55 			38 	1 
明珠头环	0 	7 	10 	\spr\item\equip\cap\obj-fm-cap12-2.spr	28 	2 	2 	黄金打造的头环，中间镶有一颗珍贵的绿色夜明珠。		6000 	9 	0 	30 	225 	225 	31 	27 	27 																36 	53 	32 	150 	33 	60 			38 	1 
龙血头环	0 	7 	10 	\spr\item\equip\cap\obj-fm-cap12-3.spr	28 	2 	2 	镶有三颗龙血宝石的黄金头环，珍贵异常。		7500 	10 	0 	30 	250 	250 	31 	30 	30 																36 	60 	32 	165 	33 	65 			38 	1 
圆帽	0 	7 	11 	\spr\item\equip\cap\obj-fm-cap13-1.spr	28 	2 	2 	最常见的一种帽子。		370 	1 	0 	30 	20 	20 	31 	8 	8 																36 	1 	32 	0 	33 	20 			38 	1 
堂帽	0 	7 	11 	\spr\item\equip\cap\obj-fm-cap13-1.spr	28 	2 	2 	稍微正式一些的普通帽子。		610 	2 	0 	30 	40 	40 	31 	10 	10 																36 	7 	32 	0 	33 	25 			38 	1 
巾管帽	0 	7 	11 	\spr\item\equip\cap\obj-fm-cap13-2.spr	28 	2 	2 	正式场合常用的帽子。		1120 	3 	0 	30 	60 	60 	31 	13 	13 																36 	13 	32 	0 	33 	30 			38 	1 
四角帽	0 	7 	11 	\spr\item\equip\cap\obj-fm-cap13-3.spr	28 	2 	2 	一种比较高级的帽子。		1800 	4 	0 	30 	80 	80 	31 	15 	15 																36 	19 	32 	0 	33 	35 			38 	1 
青凤冠	0 	7 	11 	\spr\item\equip\cap\obj-fm-cap14-1.spr	28 	2 	2 	女将日常束发用的头冠。		2700 	5 	0 	30 	100 	100 	31 	17 	17 																36 	26 	32 	0 	33 	40 			38 	1 
金凤冠	0 	7 	11 	\spr\item\equip\cap\obj-fm-cap14-2.spr	28 	2 	2 	金丝打造而成的头冠。		3700 	6 	0 	30 	120 	120 	31 	20 	20 																36 	33 	32 	0 	33 	45 			38 	1 
双凤朝天冠	0 	7 	11 	\spr\item\equip\cap\obj-fm-cap14-3.spr	28 	2 	2 	黄金打造，可遮盖面部的头冠。		5100 	7 	0 	30 	140 	140 	31 	22 	22 																36 	40 	32 	0 	33 	50 			38 	1 
翡翠盔	0 	7 	11 	\spr\item\equip\cap\obj-fm-cap15-1.spr	31 	2 	2 	镶有珍贵绿色翡翠的头盔。		6500 	8 	0 	30 	160 	160 	31 	25 	25 																36 	46 	32 	0 	33 	55 			38 	1 
獬豸盔	0 	7 	11 	\spr\item\equip\cap\obj-fm-cap15-2.spr	31 	2 	2 	以神兽命名的帽子，是权力的象征。		8100 	9 	0 	30 	180 	180 	31 	27 	27 																36 	53 	32 	0 	33 	60 			38 	1 
龙鳞盔	0 	7 	11 	\spr\item\equip\cap\obj-fm-cap15-3.spr	31 	2 	2 	头盔如炎龙鳞片般闪闪发光，一看就知道是极其珍贵之物。		10000 	10 	0 	30 	200 	200 	31 	30 	30 																36 	60 	32 	0 	33 	65 			38 	1 
布帽	0 	7 	12 	\spr\item\equip\cap\obj-fm-cap16-1.spr	28 	2 	2 	普通帽子。		60 	1 	0 	30 	45 	45 	31 	10 	10 																36 	1 	32 	35 	33 	0 			38 	1 
圆顶帽	0 	7 	12 	\spr\item\equip\cap\obj-fm-cap16-1.spr	28 	2 	2 	圆顶的普通布制帽子。		160 	2 	0 	30 	75 	75 	31 	13 	13 																36 	7 	32 	60 	33 	0 			38 	1 
梵纹帽	0 	7 	12 	\spr\item\equip\cap\obj-fm-cap16-2.spr	28 	2 	2 	印有佛教传统图案的帽子。		370 	3 	0 	30 	105 	105 	31 	16 	16 																36 	13 	32 	85 	33 	0 			38 	1 
青纹盔	0 	7 	12 	\spr\item\equip\cap\obj-fm-cap16-3.spr	28 	2 	2 	有青色花纹的头盔。		600 	4 	0 	30 	135 	135 	31 	19 	19 																36 	19 	32 	110 	33 	0 			38 	1 
红缨钗	0 	7 	12 	\spr\item\equip\cap\obj-fm-cap17-1.spr	30 	2 	2 	钗尾坠着红色的缨坠，不错的头钗。		900 	5 	0 	30 	165 	165 	31 	22 	22 																36 	26 	32 	135 	33 	0 			38 	1 
赤血钗	0 	7 	12 	\spr\item\equip\cap\obj-fm-cap17-2.spr	30 	2 	2 	鲜红夺目的头钗，血一样的颜色。		1200 	6 	0 	30 	195 	195 	31 	25 	25 																36 	33 	32 	160 	33 	0 			38 	1 
琉璃钗	0 	7 	12 	\spr\item\equip\cap\obj-fm-cap17-3.spr	30 	2 	2 	金色琉璃制成的头钗，非常漂亮。		1800 	7 	0 	30 	225 	225 	31 	28 	28 																36 	40 	32 	185 	33 	0 			38 	1 
鹿茸钗	0 	7 	12 	\spr\item\equip\cap\obj-fm-cap18-1.spr	30 	2 	2 	用鹿茸制成的头钗，漂亮而耐用。		2500 	8 	0 	30 	255 	255 	31 	31 	31 																36 	46 	32 	210 	33 	0 			38 	1 
蓝晶钗	0 	7 	12 	\spr\item\equip\cap\obj-fm-cap18-2.spr	30 	2 	2 	镶有上等蓝色水晶的头钗。		3000 	9 	0 	30 	285 	285 	31 	34 	34 																36 	53 	32 	235 	33 	0 			38 	1 
青星钗	0 	7 	12 	\spr\item\equip\cap\obj-fm-cap18-3.spr	30 	2 	2 	镶满了青色水晶石的头钗，光彩夺目。		3700 	10 	0 	30 	315 	315 	31 	37 	37 																36 	60 	32 	260 	33 	0 			38 	1 
黄布发带	0 	7 	13 	\spr\item\equip\cap\obj-fm-cap19-1.spr	28 	2 	2 	普通的系发头带。		120 	1 	0 	30 	25 	25 	31 	8 	8 																36 	1 	32 	30 	33 	20 			38 	1 
黄布发带	0 	7 	13 	\spr\item\equip\cap\obj-fm-cap19-1.spr	28 	2 	2 	普通的系发头带。		320 	2 	0 	30 	50 	50 	31 	10 	10 																36 	7 	32 	45 	33 	25 			38 	1 
黄布发带	0 	7 	13 	\spr\item\equip\cap\obj-fm-cap19-1.spr	28 	2 	2 	普通的系发头带。		750 	3 	0 	30 	75 	75 	31 	13 	13 																36 	13 	32 	60 	33 	30 			38 	1 
黄布发带	0 	7 	13 	\spr\item\equip\cap\obj-fm-cap19-1.spr	28 	2 	2 	普通的系发头带。		1200 	4 	0 	30 	100 	100 	31 	15 	15 																36 	19 	32 	75 	33 	35 			38 	1 
黄铜发叉	0 	7 	13 	\spr\item\equip\cap\obj-fm-cap20-1.spr	30 	2 	2 	黄铜打造的发叉，式样平凡。		1800 	5 	0 	30 	125 	125 	31 	17 	17 																36 	26 	32 	90 	33 	40 			38 	1 
红玛瑙发叉	0 	7 	13 	\spr\item\equip\cap\obj-fm-cap20-2.spr	30 	2 	2 	红色玛瑙石做成的发叉，镶有红色的小宝石。		2500 	6 	0 	30 	150 	150 	31 	20 	20 																36 	33 	32 	105 	33 	45 			38 	1 
青琉璃发叉	0 	7 	13 	\spr\item\equip\cap\obj-fm-cap20-3.spr	30 	2 	2 	青色琉璃做成的发叉，镶有红色的宝石。		3700 	7 	0 	30 	175 	175 	31 	22 	22 																36 	40 	32 	120 	33 	50 			38 	1 
戏水盔	0 	7 	13 	\spr\item\equip\cap\obj-fm-cap21-1.spr	29 	2 	2 	铸有游龙戏水图案的紫铜头盔。		5000 	8 	0 	30 	200 	200 	31 	25 	25 																36 	46 	32 	135 	33 	55 			38 	1 
凤眠盔	0 	7 	13 	\spr\item\equip\cap\obj-fm-cap21-2.spr	29 	2 	2 	形状如彩凤栖息梧桐树的头盔。		6000 	9 	0 	30 	225 	225 	31 	27 	27 																36 	53 	32 	150 	33 	60 			38 	1 
金凤展翅	0 	7 	13 	\spr\item\equip\cap\obj-fm-cap21-3.spr	29 	2 	2 	金银混练的头盔，如金色的凤凰展开双翅。		7500 	10 	0 	30 	250 	250 	31 	30 	30 																36 	60 	32 	165 	33 	65 			38 	1 
