名称	道具种类	具体类别	详细类别	动画文件名	对应物件索引	宽度	高度	说明文字	五行属性	价格	等级	是否叠放	基础属性1类型	基础属性1最小值	基础属性1最大值	基础属性2类型	基础属性2最小值	基础属性2最大值	基础属性3类型	基础属性3最小值	基础属性3最大值	基础属性4类型	基础属性4最小值	基础属性4最大值	基础属性5类型	基础属性5最小值	基础属性5最大值	基础属性6类型	基础属性6最小值	基础属性6最大值	基础属性7类型	基础属性7最小值	基础属性7最大值	需求属性1类型	需求属性1数值	需求属性2类型	需求属性2数值	需求属性3类型	需求属性3数值	需求属性4类型	需求属性4数值	需求属性5类型	需求属性5数值	需求属性6类型	需求属性6数值
铁匕首	0	0	0	\spr\item\equip\closeweapon\obj-sword01.spr	9	1	3	铁制匕首，有那么一点点杀伤力。		100	1	0	28	4	4	29	7	7	167	0	0	31	20	20										36	0	32	20	33	0						
钢剑	0	0	0	\spr\item\equip\closeweapon\obj-sword02.spr	9	1	3	经过淬炼的钢剑。		1200	2	0	28	8	8	29	15	15	167	0	0	31	28	28										36	9	32	20	33	0						
青峰剑	0	0	0	\spr\item\equip\closeweapon\obj-sword03.spr	9	1	3	剑身经过多次锻炼，柔韧锋利。		2700	3	0	28	12	12	29	23	23	167	0	0	31	36	36										36	18	32	30	33	0						
龙泉剑	0	0	0	\spr\item\equip\closeweapon\obj-sword04.spr	9	1	3	唐时名剑，传说有青龙附于其上。		4800	4	0	28	16	16	29	31	31	167	0	0	31	44	44										36	27	32	40	33	0						
斩马剑	0	0	0	\spr\item\equip\closeweapon\obj-sword05.spr	9	1	3	唐式古剑，剑身长而利，斩马如覆手之易。		7500	5	0	28	21	21	29	39	39	167	0	0	31	52	52										36	36	32	50	33	0						
乌金剑	0	0	0	\spr\item\equip\closeweapon\obj-sword06.spr	9	1	3	稀有的乌金炼成，斩金断铁。		10800	6	0	28	25	25	29	46	46	167	0	0	31	60	60										36	45	32	60	33	0						
齿铗	0	0	0	\spr\item\equip\closeweapon\obj-sword23.spr	9	1	3	剑身带齿，但过长难以挥动。		15000	7	0	28	29	29	29	54	54	167	0	0	31	68	68										36	54	32	70	33	0						
七尺剑	0	0	0	\spr\item\equip\closeweapon\obj-sword21.spr	9	1	3	剑身超长，非力士不能用。		20000	8	0	28	33	33	29	62	62	167	0	0	31	76	76										36	63	32	80	33	0						
万仞剑	0	0	0	\spr\item\equip\closeweapon\obj-sword22.spr	9	1	3	古时名剑，剑鸣之声百里可闻。		25000	9	0	28	37	37	29	70	70	167	0	0	31	84	84										36	72	32	90	33	0						
玄铁剑	0	0	0	\spr\item\equip\closeweapon\obj-sword24.spr	9	1	3	万年玄铁精制，重剑无锋，大巧不工。		30000	10	0	28	42	42	29	78	78	167	0	0	31	90	90										36	81	32	100	33	0						
腰刀	0	0	1	\spr\item\equip\closeweapon\obj-blade01.spr	10	1	2	普通的腰刀，侠客的最普通装备。		100	1	0	28	3	3	29	11	11	167	-20	-20	31	22	22										36	0	32	20	33	0						
单刀	0	0	1	\spr\item\equip\closeweapon\obj-blade03.spr	10	1	2	梁山好汉出门常带的兵器，因为容易买到。		1200	2	0	28	7	7	29	21	21	167	-20	-20	31	33	33										36	9	32	30	33	0						
鬼头刀	0	0	1	\spr\item\equip\closeweapon\obj-blade12.spr	10	1	3	刽子手常用，很是锋利。		2700	3	0	28	10	10	29	30	30	167	-20	-20	31	44	44										36	18	32	40	33	0						
雁翎刀	0	0	1	\spr\item\equip\closeweapon\obj-blade12.spr	10	1	3	寒铁精练，秋意森然。		4800	4	0	28	14	14	29	42	42	167	-20	-20	31	55	55										36	27	32	50	33	0						
月牙刀	0	0	1	\spr\item\equip\closeweapon\obj-blade13.spr	10	1	3	刀带分刺，阴险毒辣。		7500	5	0	28	18	18	29	51	51	167	-20	-20	31	66	66										36	36	32	60	33	0						
破风刀	0	0	1	\spr\item\equip\closeweapon\obj-blade14.spr	10	1	3	一出鞘就有破风刀声，锐利无比。		10800	6	0	28	21	21	29	63	63	167	-20	-20	31	77	77										36	45	32	70	33	0
滚珠宝刀	0	0	1	\spr\item\equip\closeweapon\obj-blade21.spr	10	1	4	传说中的宝刀，利能吹毛断发。		15000	7	0	28	25	25	29	72	72	167	-20	-20	31	88	88										36	54	32	80	33	0
偃月刀	0	0	1	\spr\item\equip\closeweapon\obj-blade22.spr	10	1	4	又厚又重的大刀，耍起来很有威风。		20000	8	0	28	28	28	29	84	84	167	-20	-20	31	99	99										36	63	32	90	33	0
青龙刀	0	0	1	\spr\item\equip\closeweapon\obj-blade23.spr	10	1	4	关云长曾用过的名刀，威风凛凛。		25000	9	0	28	32	32	29	93	93	167	-20	-20	31	110	110										36	72	32	100	33	0
大风刀	0	0	1	\spr\item\equip\closeweapon\obj-blade24.spr	10	1	4	锋利无比，断物折器只如轻风划过。		30000	10	0	28	36	36	29	105	105	167	-20	-20	31	120	120										36	81	32	110	33	0
烧火棍	0	0	2	\spr\item\equip\closeweapon\obj-staff01.spr	11	2	3	平常用来拨柴捅灰的棍子。		100	1	0	28	6	6	29	11	11	167	-10	-10	31	28	28										36	0	32	30	33	0
齐眉棍	0	0	2	\spr\item\equip\closeweapon\obj-staff02.spr	11	2	3	以白蜡杆制成，棍竖直与人眉高度齐，得名。		1500	2	0	28	12	12	29	23	23	167	-10	-10	31	41	41										36	9	32	45	33	0
盘花棍	0	0	2	\spr\item\equip\closeweapon\obj-staff02.spr	11	2	3	棍身雕花，花巧有余沉稳不足。 		3000	3	0	28	18	18	29	35	35	167	-10	-10	31	53	53										36	18	32	60	33	0
虎尾棍	0	0	2	\spr\item\equip\closeweapon\obj-staff03.spr	11	2	3	钻铁打磨，长有八尺，金箍细雕。		5000	4	0	28	25	25	29	46	46	167	-10	-10	31	65	65										36	27	32	75	33	0
哨棒	0	0	2	\spr\item\equip\closeweapon\obj-staff04.spr	11	2	3	经过修饰的木棒，还装了风哨。		7500	5	0	28	31	31	29	58	58	167	-10	-10	31	77	77										36	36	32	90	33	0
杆棒	0	0	2	\spr\item\equip\closeweapon\obj-staff11.spr	11	1	4	比较粗的白蜡杆棒，韧性很好。		10000	6	0	28	37	37	29	70	70	167	-10	-10	31	89	89										36	45	32	105	33	0
狼牙棒	0	0	2	\spr\item\equip\closeweapon\obj-staff12.spr	11	1	4	金人喜欢用的兵器，要有力气才能用好。		15000	7	0	28	44	44	29	81	81	167	-10	-10	31	111	111										36	54	32	120	33	0
混铁棒	0	0	2	\spr\item\equip\closeweapon\obj-staff12.spr	11	1	4	生铁镔铁混炼制成，非常沉重。		21000	8	0	28	50	50	29	93	93	167	-10	-10	31	123	123										36	63	32	135	33	0
搅海棒	0	0	2	\spr\item\equip\closeweapon\obj-staff13.spr	11	1	4	神秘的血紫铜铸造，力能翻江倒海。		28000	9	0	28	56	56	29	105	105	167	-10	-10	31	130	130										36	72	32	150	33	0
金箍棒	0	0	2	\spr\item\equip\closeweapon\obj-staff13.spr	11	1	4	精钢打造头戴金箍，就是盗版孙悟空如意棒。		36000	10	0	28	63	63	29	117	117	167	-10	-10	31	140	140										36	81	32	165	33	0
铁枪	0	0	3	\spr\item\equip\closeweapon\obj-spear11.spr	12	1	3	就是普通的木杆上装了个铁枪头。		100	1	0	28	1	1	29	14	14	167	30	30	31	18	18										36	0	32	25	33	20
长枪	0	0	3	\spr\item\equip\closeweapon\obj-spear21.spr	12	2	4	学习枪法时常用的东西，实战则少有人用。		1500	2	0	28	3	3	29	28	28	167	30	30	31	25	25										36	9	32	36	33	36
点钢枪	0	0	3	\spr\item\equip\closeweapon\obj-spear01.spr	12	1	4	枪头加了钢，伤害力比铁枪强一点。		3000	3	0	28	4	4	29	43	43	167	30	30	31	32	32										36	18	32	48	33	48
钩镰枪	0	0	3	\spr\item\equip\closeweapon\obj-spear22.spr	12	2	4	水浒好汉徐宁最擅，后人多用它对付连环马。		5000	4	0	28	6	6	29	57	57	167	30	30	31	39	39										36	27	32	61	33	61
环子枪	0	0	3	\spr\item\equip\closeweapon\obj-spear02.spr	12	1	4	枪尖串有铁环，挥舞时哗哗作响，甚是威风。		7500	5	0	28	8	8	29	72	72	167	30	30	31	46	46										36	36	32	74	33	74
豹尾枪	0	0	3	\spr\item\equip\closeweapon\obj-spear03.spr	12	1	4	长约四尺，纯银制，多为皇帝贴身侍卫所用。		10000	6	0	28	9	9	29	86	86	167	30	30	31	53	53										36	45	32	87	33	87
雁翎枪	0	0	3	\spr\item\equip\closeweapon\obj-spear13.spr	12	1	3	枪体全为寒铁打造，难得的好枪。		15000	7	0	28	11	11	29	100	100	167	30	30	31	60	60										36	54	32	99	33	99
透骨枪	0	0	3	\spr\item\equip\closeweapon\obj-spear23.spr	12	2	4	能轻松穿透骨骼，实在是很毒辣的兵器。		21000	8	0	28	12	12	29	115	115	167	30	30	31	67	67										36	63	32	111	33	111
火尖枪	0	0	3	\spr\item\equip\closeweapon\obj-spear14.spr	12	1	3	传说中的宝枪，似乎有神秘的力量。		28000	9	0	28	14	14	29	129	129	167	30	30	31	74	74										36	72	32	124	33	124
破天戟	0	0	3	\spr\item\equip\closeweapon\obj-spear04.spr	12	1	4	势欲刺破苍穹，破天飞去的宝戟。 		36000	10	0	28	16	16	29	144	144	167	30	30	31	81	81										36	81	32	138	33	138
蒜头锤	0	0	4	\spr\item\equip\closeweapon\obj-adha01.spr	13	2	2	青铜打就，看起来挺沉但就是个练功的玩具。		100	1	0	28	5	5	29	15	15	167	-30	-30	31	42	42										36	0	32	35	33	0
八棱锤	0	0	4	\spr\item\equip\closeweapon\obj-adha11.spr	13	2	3	虽沉重但太别劲，不利使用。		1200	2	0	28	10	10	29	30	30	167	-30	-30	31	61	61										36	9	32	55	33	0
五星锤	0	0	4	\spr\item\equip\closeweapon\obj-adha03.spr	13	2	2	形状奇异，用起来也与众不同。		2700	3	0	28	15	15	29	45	45	167	-30	-30	31	80	80										36	18	32	80	33	0
霹雳锤	0	0	4	\spr\item\equip\closeweapon\obj-adha03.spr	13	2	2	锤落如霹雳巨响，令敌人胆破心惊。		4500	4	0	28	20	20	29	60	60	167	-30	-30	31	99	99										36	27	32	100	33	0
亮银锤	0	0	4	\spr\item\equip\closeweapon\obj-adha02.spr	13	2	2	白银打造，虽然轻巧但是破坏力不错。		7500	5	0	28	25	25	29	75	75	167	-30	-30	31	118	118										36	36	32	115	33	0
狼牙锤	0	0	4	\spr\item\equip\closeweapon\obj-adha12.spr	13	2	3	金国猛将金弹子的惯用兵器，十分厉害。		9000	6	0	28	30	30	29	90	90	167	-30	-30	31	137	137										36	45	32	135	33	0
裂心锤	0	0	4	\spr\item\equip\closeweapon\obj-adha12.spr	13	2	3	岳飞帐下八大锤中何元庆所用，英风尤在。		13500	7	0	28	35	35	29	105	105	167	-30	-30	31	156	156										36	54	32	155	33	0
金瓜锤	0	0	4	\spr\item\equip\closeweapon\obj-adha13.spr	13	2	3	岳飞帐下八大锤中严成方所用，壮志不灭。		20000	8	0	28	40	40	29	120	120	167	-30	-30	31	173	173										36	63	32	170	33	0
孽龙锤	0	0	4	\spr\item\equip\closeweapon\obj-adha14.spr	13	2	3	传说中的神锤，只有神将才用。		27000	9	0	28	45	45	29	135	135	167	-30	-30	31	187	187										36	72	32	185	33	0
破天锤	0	0	4	\spr\item\equip\closeweapon\obj-adha04.spr	13	2	2	唐初第一猛将李元霸留下的兵器，威力无边。		32000	10	0	28	50	50	29	150	150	167	-30	-30	31	200	200										36	81	32	200	33	0
峨嵋刺	0	0	5	\spr\item\equip\closeweapon\obj-adsd01.spr	14	2	2	力量很小的女子常用护身兵器。		100	1	0	28	5	5	29	8	8	167	20	20	31	15	15										36	0	32	20	33	20
镔铁双刀	0	0	5	\spr\item\equip\closeweapon\obj-adsd11.spr	14	2	3	镔铁打造，沉重迟钝。		1200	2	0	28	11	11	29	16	16	167	20	20	31	22	22										36	9	32	25	33	20
月牙刺	0	0	5	\spr\item\equip\closeweapon\obj-adsd01.spr	14	2	2	护手带月牙钩，攻守兼备。		2700	3	0	28	16	16	29	25	25	167	20	20	31	29	29										36	18	32	30	33	30
黑白双刀	0	0	5	\spr\item\equip\closeweapon\obj-adsd02.spr	14	2	2	一把为精钢打造，一把为镔铁铸造。		4800	4	0	28	22	22	29	33	33	167	20	20	31	37	37										36	27	32	35	33	40
雪花亮银刀	0	0	5	\spr\item\equip\closeweapon\obj-adsd12.spr	14	2	3	全长三尺，传说武松曾用这种刀斩奸除恶。		7500	5	0	28	28	28	29	42	42	167	20	20	31	44	44										36	36	32	40	33	50
鸳鸯刀	0	0	5	\spr\item\equip\closeweapon\obj-adsd02.spr	14	2	2	一鞘两刀各呈半圆状，可合而为一难分难舍。		10800	6	0	28	33	33	29	50	50	167	20	20	31	52	52										36	45	32	45	33	60
芙蓉刀	0	0	5	\spr\item\equip\closeweapon\obj-adsd03.spr	14	2	2	百炼钢化绕指柔，杀气过重，隐有血痕。		15000	7	0	28	39	39	29	58	58	167	20	20	31	59	59										36	54	32	50	33	70
蝴蝶双刀	0	0	5	\spr\item\equip\closeweapon\obj-adsd11.spr	14	2	3	轻盈灵巧，使动如蝴蝶纷飞。		20000	8	0	28	44	44	29	67	67	167	20	20	31	66	66										36	63	32	55	33	80
秋雨刀	0	0	5	\spr\item\equip\closeweapon\obj-adsd13.spr	14	2	3	秋风秋雨愁杀人，此刀令人心生忧郁而名。		25000	9	0	28	50	50	29	75	75	167	20	20	31	73	73										36	72	32	60	33	90
吞日斩	0	0	5	\spr\item\equip\closeweapon\obj-adsd14.spr	14	2	3	蕴含日月精华，刀出天地无光，辉煌绝伦。		30000	10	0	28	56	56	29	84	84	167	20	20	31	80	80										36	81	32	65	33	100
