名称	道具种类	具体类别	详细类别	动画文件名	对应物件索引	宽度	高度	说明文字	五行属性	价格	等级	是否叠放	基础属性1类型	基础属性1最小值	基础属性1最大值	基础属性2类型	基础属性2最小值	基础属性2最大值	基础属性3类型	基础属性3最小值	基础属性3最大值	基础属性4类型	基础属性4最小值	基础属性4最大值	基础属性5类型	基础属性5最小值	基础属性5最大值	基础属性6类型	基础属性6最小值	基础属性6最大值	基础属性7类型	基础属性7最小值	基础属性7最大值	需求属性1类型	需求属性1数值	需求属性2类型	需求属性2数值	需求属性3类型	需求属性3数值	需求属性4类型	需求属性4数值	需求属性5类型	需求属性5数值	需求属性6类型	需求属性6数值
熏衣香囊	0	9	0	\spr\item\equip\waist\obj-waist01.spr	36	1	2	从熏衣草花瓣中提炼香料制成，民间常用。		100	1	0																						36	1	38	1								
茉莉香囊	0	9	0	\spr\item\equip\waist\obj-waist02.spr	36	1	2	从茉莉花瓣中提取的香料制成，也很普通。		400	2	0																						36	7	38	1								
乳香香囊	0	9	0	\spr\item\equip\waist\obj-waist03.spr	36	1	2	乳香树木质中香料配制，富家常用。		900	3	0																						36	14	38	1								
兰花香囊	0	9	0	\spr\item\equip\waist\obj-waist04.spr	36	1	2	从兰花花瓣中提取的高级香料，味道清雅。		1600	4	0																						36	20	38	1								
合欢香囊	0	9	0	\spr\item\equip\waist\obj-waist05.spr	36	1	2	合欢花瓣中提取的高级香料，大户人家常用。		2500	5	0																						36	27	38	1								
紫苏香囊	0	9	0	\spr\item\equip\waist\obj-waist06.spr	36	1	2	从紫苏花叶子中提取的高级香料，官家喜用。		3600	6	0																						36	34	38	1								
沉檀香囊	0	9	0	\spr\item\equip\waist\obj-waist07.spr	36	1	2	特殊檀树中提取的名贵香料，皇家常用。		4900	7	0																						36	40	38	1								
仙麝香囊	0	9	0	\spr\item\equip\waist\obj-waist08.spr	36	1	2	取于香獐香腺的名贵香料，皇家御用品。		6400	8	0																						36	47	38	1								
迦楠香囊	0	9	0	\spr\item\equip\waist\obj-waist09.spr	36	1	2	香木蚁穴中香蜜遗渍提取的名贵香料，珍品中的珍品。		8100	9	0																						36	54	38	1								
龙涎香囊	0	9	0	\spr\item\equip\waist\obj-waist10.spr	36	1	2	龙涎，最为难得的香料，世间奇珍。		10000	10	0																						36	60	38	1								
绿蚰玉佩	0	9	1	\spr\item\equip\waist\obj-waist11.spr	36	1	2	说是玉佩其实也就是好看点的石头。		100	1	0																						36	1	38	0								
京白玉佩	0	9	1	\spr\item\equip\waist\obj-waist12.spr	36	1	2	普通的京白玉玉佩，穷书生充门面用的。		400	2	0																						36	7	38	0								
桃花玉佩	0	9	1	\spr\item\equip\waist\obj-waist13.spr	36	1	2	色沁桃花，适合蓬户儿女定情之用。		900	3	0																						36	14	38	0								
梅花玉佩	0	9	1	\spr\item\equip\waist\obj-waist14.spr	36	1	2	玉中隐有梅花纹，不是俗物。		1600	4	0																						36	20	38	0								
五色玉佩	0	9	1	\spr\item\equip\waist\obj-waist15.spr	36	1	2	虽说玉以纯色为上，但这五色玉佩也是难得之物。		2500	5	0																						36	27	38	0								
青玉玉佩	0	9	1	\spr\item\equip\waist\obj-waist16.spr	36	1	2	少见的青玉琢成，文人骚客的常备之物。		3600	6	0																						36	34	38	0
碧玉玉佩	0	9	1	\spr\item\equip\waist\obj-waist17.spr	36	1	2	晶莹的碧玉玉佩，王孙公子莫不喜爱。		4900	7	0																						36	40	38	0
墨玉玉佩	0	9	1	\spr\item\equip\waist\obj-waist18.spr	36	1	2	纯净的墨玉制成，质朴无华但灵性不泯。		6400	8	0																						36	47	38	0
黄玉玉佩	0	9	1	\spr\item\equip\waist\obj-waist19.spr	36	1	2	珍贵的黄玉制成，温润无瑕，暗蕴灵气。		8100	9	0																						36	54	38	0
羊脂白玉	0	9	1	\spr\item\equip\waist\obj-waist20.spr	36	1	2	和田羊脂白玉制成，玉中奇珍，帝皇饰物。		10000	10	0																						36	60	38	0
